Distance in bp(Fragment Length Estimate: 122)(Peak Width Estimate: 134)	Same Strand (+ for Watson strand, - for Crick)	Opposite Strand
-2000	21424.0	21629.0
-1999	21417.0	21488.0
-1998	21577.0	21518.0
-1997	21734.0	21304.0
-1996	21633.0	21487.0
-1995	21449.0	21436.0
-1994	21692.0	21327.0
-1993	21459.0	21540.0
-1992	21525.0	21586.0
-1991	21608.0	21604.0
-1990	21567.0	21459.0
-1989	21437.0	21372.0
-1988	21616.0	21239.0
-1987	21548.0	21558.0
-1986	21814.0	21668.0
-1985	21396.0	21422.0
-1984	21537.0	21427.0
-1983	21443.0	21548.0
-1982	21488.0	21593.0
-1981	21563.0	21732.0
-1980	21561.0	21414.0
-1979	21133.0	21309.0
-1978	21415.0	21372.0
-1977	21680.0	21692.0
-1976	21325.0	21369.0
-1975	21406.0	21457.0
-1974	21592.0	21522.0
-1973	21357.0	21607.0
-1972	21471.0	21452.0
-1971	21743.0	21338.0
-1970	21783.0	21447.0
-1969	21373.0	21755.0
-1968	21419.0	21417.0
-1967	21581.0	21565.0
-1966	21702.0	21359.0
-1965	21644.0	21558.0
-1964	21403.0	21206.0
-1963	21318.0	21516.0
-1962	21661.0	21490.0
-1961	21708.0	21718.0
-1960	21757.0	21809.0
-1959	21756.0	21467.0
-1958	21825.0	21450.0
-1957	21654.0	21336.0
-1956	21665.0	21407.0
-1955	21700.0	21326.0
-1954	21462.0	21674.0
-1953	21484.0	21753.0
-1952	21744.0	21641.0
-1951	21615.0	21252.0
-1950	21815.0	21409.0
-1949	21656.0	21519.0
-1948	21707.0	21527.0
-1947	21768.0	21444.0
-1946	21722.0	21292.0
-1945	21573.0	21543.0
-1944	21584.0	21368.0
-1943	21800.0	21554.0
-1942	21463.0	21730.0
-1941	21490.0	21613.0
-1940	21410.0	21605.0
-1939	21750.0	21584.0
-1938	21696.0	21607.0
-1937	21638.0	21607.0
-1936	21595.0	21430.0
-1935	21489.0	21357.0
-1934	21522.0	21329.0
-1933	21845.0	21587.0
-1932	21982.0	21537.0
-1931	21771.0	21553.0
-1930	21750.0	21268.0
-1929	21898.0	21389.0
-1928	21647.0	21469.0
-1927	21855.0	21669.0
-1926	21798.0	21641.0
-1925	21645.0	21313.0
-1924	21816.0	21473.0
-1923	21670.0	21592.0
-1922	21970.0	21466.0
-1921	21526.0	21713.0
-1920	21826.0	21400.0
-1919	21664.0	21577.0
-1918	21495.0	21609.0
-1917	21656.0	21620.0
-1916	21630.0	21412.0
-1915	21615.0	21541.0
-1914	21462.0	21428.0
-1913	21843.0	21593.0
-1912	21655.0	21621.0
-1911	21690.0	21461.0
-1910	21917.0	21437.0
-1909	21827.0	21498.0
-1908	21653.0	21499.0
-1907	21872.0	21451.0
-1906	21534.0	21649.0
-1905	21841.0	21448.0
-1904	21933.0	21448.0
-1903	21747.0	21685.0
-1902	21824.0	21361.0
-1901	21862.0	21397.0
-1900	21900.0	21509.0
-1899	21886.0	21728.0
-1898	21915.0	21596.0
-1897	21907.0	21607.0
-1896	21418.0	21508.0
-1895	21543.0	21497.0
-1894	22102.0	21658.0
-1893	21736.0	21698.0
-1892	21816.0	21547.0
-1891	21586.0	21601.0
-1890	21692.0	21294.0
-1889	21834.0	21419.0
-1888	21790.0	21646.0
-1887	21820.0	21637.0
-1886	21560.0	21600.0
-1885	21784.0	21567.0
-1884	21602.0	21501.0
-1883	21774.0	21753.0
-1882	21765.0	21632.0
-1881	21716.0	21613.0
-1880	21858.0	21762.0
-1879	21727.0	21421.0
-1878	21992.0	21696.0
-1877	21772.0	21764.0
-1876	21898.0	21426.0
-1875	21914.0	21830.0
-1874	21829.0	21716.0
-1873	21821.0	21437.0
-1872	21655.0	21616.0
-1871	21646.0	21512.0
-1870	21841.0	21585.0
-1869	21648.0	21731.0
-1868	21704.0	21444.0
-1867	21532.0	21583.0
-1866	21918.0	21423.0
-1865	21800.0	21684.0
-1864	21920.0	21581.0
-1863	21795.0	21565.0
-1862	22039.0	21782.0
-1861	22131.0	21566.0
-1860	21763.0	21570.0
-1859	21868.0	21533.0
-1858	21582.0	21420.0
-1857	21743.0	21517.0
-1856	21759.0	21665.0
-1855	21696.0	21390.0
-1854	22132.0	21817.0
-1853	21828.0	21267.0
-1852	21988.0	21421.0
-1851	21808.0	21684.0
-1850	21854.0	21776.0
-1849	21976.0	21461.0
-1848	21659.0	21553.0
-1847	21857.0	21575.0
-1846	21976.0	21863.0
-1845	21799.0	21587.0
-1844	22114.0	21508.0
-1843	21685.0	21866.0
-1842	21836.0	21517.0
-1841	21883.0	21569.0
-1840	21999.0	21763.0
-1839	22035.0	21643.0
-1838	22211.0	21924.0
-1837	21529.0	21657.0
-1836	22038.0	21567.0
-1835	21922.0	21856.0
-1834	21757.0	21903.0
-1833	21875.0	21491.0
-1832	21818.0	21487.0
-1831	21739.0	21691.0
-1830	21648.0	21744.0
-1829	21810.0	21671.0
-1828	21732.0	21699.0
-1827	21749.0	21480.0
-1826	21744.0	21715.0
-1825	21998.0	21421.0
-1824	21969.0	21754.0
-1823	21679.0	21615.0
-1822	21834.0	21642.0
-1821	21940.0	21941.0
-1820	21918.0	22016.0
-1819	22041.0	21678.0
-1818	22163.0	21768.0
-1817	21553.0	21749.0
-1816	22059.0	21623.0
-1815	21926.0	21949.0
-1814	22084.0	21764.0
-1813	22052.0	21759.0
-1812	21932.0	21867.0
-1811	21992.0	21782.0
-1810	22174.0	21866.0
-1809	21936.0	21801.0
-1808	21959.0	21600.0
-1807	21844.0	21755.0
-1806	22015.0	21923.0
-1805	21803.0	21671.0
-1804	21921.0	21637.0
-1803	22024.0	21860.0
-1802	21925.0	21952.0
-1801	22088.0	21749.0
-1800	22087.0	21774.0
-1799	21921.0	21723.0
-1798	22076.0	21920.0
-1797	21910.0	21739.0
-1796	21950.0	21489.0
-1795	22050.0	21763.0
-1794	21637.0	21613.0
-1793	21960.0	21786.0
-1792	21643.0	21439.0
-1791	22169.0	21739.0
-1790	22165.0	21862.0
-1789	21658.0	21679.0
-1788	22107.0	21672.0
-1787	21899.0	21694.0
-1786	21888.0	21682.0
-1785	22029.0	21612.0
-1784	21737.0	21616.0
-1783	22007.0	21784.0
-1782	21813.0	21837.0
-1781	22148.0	21586.0
-1780	22072.0	21735.0
-1779	22023.0	21520.0
-1778	21799.0	21649.0
-1777	22420.0	21550.0
-1776	22158.0	21759.0
-1775	21928.0	21540.0
-1774	21740.0	21845.0
-1773	22235.0	21852.0
-1772	22013.0	21691.0
-1771	21992.0	21757.0
-1770	21611.0	21861.0
-1769	21973.0	21834.0
-1768	21804.0	21831.0
-1767	21892.0	21441.0
-1766	22137.0	21666.0
-1765	22208.0	21608.0
-1764	22121.0	21875.0
-1763	22228.0	21548.0
-1762	22153.0	21903.0
-1761	22152.0	21790.0
-1760	22068.0	21952.0
-1759	21968.0	21700.0
-1758	22042.0	22092.0
-1757	22248.0	21617.0
-1756	22234.0	21701.0
-1755	22126.0	21755.0
-1754	22048.0	21682.0
-1753	21959.0	21903.0
-1752	22039.0	21551.0
-1751	22266.0	22108.0
-1750	21892.0	21644.0
-1749	22129.0	21687.0
-1748	22213.0	21784.0
-1747	21958.0	21784.0
-1746	22211.0	21906.0
-1745	21920.0	21913.0
-1744	22206.0	21612.0
-1743	21989.0	21831.0
-1742	22207.0	22044.0
-1741	22217.0	21875.0
-1740	21902.0	21680.0
-1739	22041.0	21795.0
-1738	22380.0	21786.0
-1737	22033.0	21774.0
-1736	22025.0	21978.0
-1735	22178.0	21941.0
-1734	22034.0	21677.0
-1733	22453.0	21868.0
-1732	22264.0	21973.0
-1731	22121.0	21905.0
-1730	22183.0	21928.0
-1729	22171.0	21663.0
-1728	22258.0	21708.0
-1727	22508.0	21900.0
-1726	22219.0	21753.0
-1725	22284.0	21726.0
-1724	21995.0	21826.0
-1723	22027.0	21953.0
-1722	22208.0	21784.0
-1721	22323.0	21769.0
-1720	22042.0	21725.0
-1719	22245.0	21802.0
-1718	22064.0	21625.0
-1717	22043.0	22084.0
-1716	22328.0	21934.0
-1715	22113.0	21938.0
-1714	22085.0	22018.0
-1713	22061.0	21743.0
-1712	22056.0	21782.0
-1711	22233.0	21894.0
-1710	22257.0	21879.0
-1709	22201.0	21837.0
-1708	22106.0	22003.0
-1707	22322.0	21698.0
-1706	22086.0	21889.0
-1705	22002.0	22112.0
-1704	22172.0	21871.0
-1703	22631.0	22135.0
-1702	22187.0	22022.0
-1701	22287.0	21952.0
-1700	22094.0	21988.0
-1699	22154.0	22117.0
-1698	22254.0	21900.0
-1697	22170.0	21932.0
-1696	22097.0	21916.0
-1695	22269.0	22139.0
-1694	22225.0	21506.0
-1693	22248.0	21852.0
-1692	22086.0	21921.0
-1691	22183.0	22424.0
-1690	22438.0	21956.0
-1689	22378.0	21863.0
-1688	22054.0	22029.0
-1687	22292.0	21824.0
-1686	22151.0	21658.0
-1685	22212.0	21834.0
-1684	22059.0	22085.0
-1683	22201.0	22149.0
-1682	22139.0	21729.0
-1681	22273.0	22078.0
-1680	22410.0	21739.0
-1679	22239.0	22041.0
-1678	22307.0	21991.0
-1677	22381.0	21950.0
-1676	22293.0	21794.0
-1675	22373.0	21997.0
-1674	22384.0	21888.0
-1673	22152.0	21731.0
-1672	22395.0	22276.0
-1671	22198.0	22117.0
-1670	21949.0	21965.0
-1669	22382.0	21827.0
-1668	22281.0	22201.0
-1667	22410.0	21967.0
-1666	22416.0	21991.0
-1665	22502.0	21810.0
-1664	22541.0	22047.0
-1663	22188.0	21803.0
-1662	22353.0	22174.0
-1661	22627.0	22192.0
-1660	22249.0	22045.0
-1659	22331.0	21973.0
-1658	22459.0	21941.0
-1657	22421.0	22209.0
-1656	22541.0	22034.0
-1655	22263.0	22156.0
-1654	22323.0	22239.0
-1653	22263.0	22087.0
-1652	22199.0	22288.0
-1651	22609.0	22144.0
-1650	22389.0	22095.0
-1649	22297.0	22038.0
-1648	22285.0	22105.0
-1647	22442.0	21782.0
-1646	22340.0	22097.0
-1645	22280.0	21916.0
-1644	22452.0	22067.0
-1643	22287.0	22204.0
-1642	22434.0	22063.0
-1641	22548.0	22093.0
-1640	22270.0	22127.0
-1639	22649.0	22152.0
-1638	22543.0	22334.0
-1637	22508.0	22104.0
-1636	22651.0	21937.0
-1635	22234.0	22193.0
-1634	22498.0	22181.0
-1633	22434.0	22116.0
-1632	22450.0	22278.0
-1631	22415.0	21920.0
-1630	22387.0	22196.0
-1629	22257.0	22240.0
-1628	22572.0	22394.0
-1627	22362.0	21815.0
-1626	22391.0	22044.0
-1625	22521.0	22102.0
-1624	22448.0	22145.0
-1623	22459.0	22144.0
-1622	22644.0	21969.0
-1621	22583.0	22137.0
-1620	22458.0	22100.0
-1619	22676.0	22267.0
-1618	22449.0	22274.0
-1617	22427.0	22021.0
-1616	22511.0	22033.0
-1615	22484.0	22094.0
-1614	22473.0	22147.0
-1613	22621.0	22220.0
-1612	22477.0	22072.0
-1611	22357.0	22244.0
-1610	22373.0	22221.0
-1609	22539.0	22256.0
-1608	22576.0	22298.0
-1607	22481.0	22275.0
-1606	22593.0	22171.0
-1605	22437.0	21998.0
-1604	22360.0	22188.0
-1603	22629.0	22364.0
-1602	22528.0	22236.0
-1601	22597.0	22180.0
-1600	22284.0	22298.0
-1599	22569.0	22478.0
-1598	22728.0	22375.0
-1597	22432.0	22035.0
-1596	22486.0	22344.0
-1595	22563.0	22354.0
-1594	22642.0	22203.0
-1593	22182.0	22217.0
-1592	22549.0	22459.0
-1591	22117.0	22333.0
-1590	22496.0	22425.0
-1589	22599.0	22140.0
-1588	22488.0	22225.0
-1587	22356.0	22439.0
-1586	22584.0	22476.0
-1585	22505.0	22245.0
-1584	22432.0	22220.0
-1583	22490.0	22698.0
-1582	22589.0	22371.0
-1581	22550.0	22466.0
-1580	22350.0	22369.0
-1579	22668.0	22447.0
-1578	22294.0	22277.0
-1577	22408.0	22113.0
-1576	22625.0	22203.0
-1575	22285.0	22323.0
-1574	22802.0	22011.0
-1573	22523.0	22479.0
-1572	22547.0	22815.0
-1571	22442.0	22156.0
-1570	22464.0	22304.0
-1569	22352.0	22435.0
-1568	22528.0	22271.0
-1567	22679.0	22398.0
-1566	22640.0	22577.0
-1565	22719.0	22180.0
-1564	22567.0	22248.0
-1563	22407.0	22529.0
-1562	22347.0	22411.0
-1561	22433.0	22253.0
-1560	22734.0	22259.0
-1559	22400.0	22395.0
-1558	22885.0	22379.0
-1557	22853.0	22432.0
-1556	22556.0	22183.0
-1555	22525.0	22321.0
-1554	22619.0	22513.0
-1553	22640.0	22237.0
-1552	22379.0	22011.0
-1551	22785.0	22446.0
-1550	22778.0	22539.0
-1549	22533.0	22416.0
-1548	22546.0	22222.0
-1547	22423.0	22564.0
-1546	22645.0	22419.0
-1545	22535.0	22471.0
-1544	22740.0	22470.0
-1543	22428.0	22323.0
-1542	22507.0	22000.0
-1541	22608.0	22255.0
-1540	22511.0	22444.0
-1539	22431.0	22592.0
-1538	22769.0	22418.0
-1537	22444.0	22646.0
-1536	22788.0	22336.0
-1535	22502.0	22594.0
-1534	22837.0	22461.0
-1533	22683.0	22288.0
-1532	22559.0	22609.0
-1531	22623.0	22444.0
-1530	22546.0	22322.0
-1529	22604.0	22322.0
-1528	22608.0	22240.0
-1527	22377.0	22338.0
-1526	22675.0	22354.0
-1525	22560.0	22291.0
-1524	22482.0	22406.0
-1523	22877.0	22284.0
-1522	22531.0	22625.0
-1521	22659.0	22479.0
-1520	22601.0	22457.0
-1519	22786.0	22492.0
-1518	22591.0	22467.0
-1517	22502.0	22188.0
-1516	22578.0	22346.0
-1515	22495.0	22305.0
-1514	22947.0	22245.0
-1513	22773.0	22488.0
-1512	22601.0	22163.0
-1511	22628.0	22360.0
-1510	22731.0	22595.0
-1509	22560.0	22321.0
-1508	22953.0	22618.0
-1507	22692.0	22246.0
-1506	22728.0	22418.0
-1505	22592.0	22386.0
-1504	22902.0	22360.0
-1503	22731.0	22230.0
-1502	22701.0	22565.0
-1501	22695.0	22481.0
-1500	22762.0	22630.0
-1499	22512.0	22190.0
-1498	23025.0	22754.0
-1497	22250.0	22323.0
-1496	22537.0	22385.0
-1495	22770.0	22388.0
-1494	22560.0	22555.0
-1493	22631.0	22261.0
-1492	22458.0	22449.0
-1491	22755.0	22287.0
-1490	22544.0	22373.0
-1489	22746.0	22362.0
-1488	22723.0	22535.0
-1487	22858.0	22498.0
-1486	22668.0	22541.0
-1485	22675.0	22176.0
-1484	22618.0	22540.0
-1483	22750.0	22518.0
-1482	22720.0	22518.0
-1481	22605.0	22611.0
-1480	22739.0	22515.0
-1479	22892.0	22524.0
-1478	22631.0	22392.0
-1477	22926.0	22784.0
-1476	22515.0	22405.0
-1475	22497.0	22584.0
-1474	22877.0	22341.0
-1473	22840.0	22568.0
-1472	22662.0	22452.0
-1471	22800.0	22479.0
-1470	22794.0	22473.0
-1469	23019.0	22338.0
-1468	22694.0	22673.0
-1467	22842.0	22354.0
-1466	22838.0	22510.0
-1465	22607.0	22441.0
-1464	22703.0	22309.0
-1463	22965.0	22297.0
-1462	23119.0	22373.0
-1461	22794.0	22581.0
-1460	22610.0	22440.0
-1459	22819.0	22498.0
-1458	22698.0	22330.0
-1457	23018.0	22569.0
-1456	22750.0	22663.0
-1455	22896.0	22531.0
-1454	22698.0	22729.0
-1453	22882.0	22429.0
-1452	22806.0	22351.0
-1451	22969.0	22670.0
-1450	22992.0	22641.0
-1449	22705.0	22753.0
-1448	23011.0	22573.0
-1447	22730.0	22630.0
-1446	22689.0	22459.0
-1445	22729.0	22402.0
-1444	22790.0	22546.0
-1443	22564.0	22596.0
-1442	22743.0	22706.0
-1441	22978.0	22768.0
-1440	22807.0	22672.0
-1439	22948.0	22480.0
-1438	23157.0	22700.0
-1437	22708.0	22665.0
-1436	22663.0	22525.0
-1435	22995.0	22609.0
-1434	22878.0	22516.0
-1433	23107.0	22694.0
-1432	22766.0	22614.0
-1431	23243.0	22495.0
-1430	22962.0	22498.0
-1429	22657.0	22527.0
-1428	22991.0	22404.0
-1427	22872.0	22367.0
-1426	22841.0	22556.0
-1425	22991.0	22614.0
-1424	22865.0	22608.0
-1423	22768.0	22585.0
-1422	22906.0	22416.0
-1421	22975.0	22421.0
-1420	22841.0	22550.0
-1419	22736.0	22836.0
-1418	22928.0	22760.0
-1417	22908.0	22655.0
-1416	23029.0	22588.0
-1415	23035.0	22423.0
-1414	22879.0	22611.0
-1413	22596.0	22471.0
-1412	22826.0	22259.0
-1411	22635.0	22681.0
-1410	22758.0	22651.0
-1409	22847.0	22555.0
-1408	22925.0	22457.0
-1407	22929.0	22558.0
-1406	22891.0	22491.0
-1405	23029.0	22644.0
-1404	22740.0	22752.0
-1403	23022.0	22596.0
-1402	23144.0	22580.0
-1401	23153.0	22731.0
-1400	22889.0	22554.0
-1399	23074.0	22587.0
-1398	22932.0	22752.0
-1397	23171.0	22546.0
-1396	22982.0	22571.0
-1395	22953.0	22517.0
-1394	23013.0	22675.0
-1393	22961.0	22688.0
-1392	22809.0	22282.0
-1391	23283.0	22681.0
-1390	22962.0	22625.0
-1389	23001.0	22698.0
-1388	23079.0	22823.0
-1387	23107.0	22691.0
-1386	23035.0	22610.0
-1385	22715.0	22667.0
-1384	22996.0	22560.0
-1383	22943.0	22754.0
-1382	22879.0	22641.0
-1381	23285.0	22584.0
-1380	23173.0	22542.0
-1379	23143.0	22491.0
-1378	23026.0	22724.0
-1377	23162.0	22723.0
-1376	23107.0	22675.0
-1375	22825.0	22648.0
-1374	22989.0	22526.0
-1373	23176.0	22683.0
-1372	23164.0	22500.0
-1371	23059.0	22597.0
-1370	22931.0	22598.0
-1369	22896.0	22747.0
-1368	23037.0	22604.0
-1367	22941.0	22477.0
-1366	22766.0	22626.0
-1365	23008.0	22743.0
-1364	23083.0	22756.0
-1363	23017.0	22792.0
-1362	22708.0	22544.0
-1361	22989.0	22722.0
-1360	23170.0	22731.0
-1359	23205.0	22591.0
-1358	22989.0	22818.0
-1357	23025.0	22552.0
-1356	23070.0	22874.0
-1355	23219.0	22495.0
-1354	22987.0	22529.0
-1353	23144.0	22551.0
-1352	23098.0	22636.0
-1351	23262.0	23093.0
-1350	23158.0	22631.0
-1349	23037.0	22880.0
-1348	23058.0	22808.0
-1347	23114.0	22701.0
-1346	23138.0	22961.0
-1345	22925.0	22674.0
-1344	23161.0	22896.0
-1343	22855.0	22761.0
-1342	23298.0	22770.0
-1341	23171.0	23015.0
-1340	23047.0	22837.0
-1339	22903.0	22622.0
-1338	23162.0	22827.0
-1337	22942.0	22781.0
-1336	22852.0	22562.0
-1335	22977.0	22817.0
-1334	22871.0	22681.0
-1333	22772.0	22789.0
-1332	23244.0	22876.0
-1331	23096.0	22990.0
-1330	23291.0	22651.0
-1329	23013.0	22758.0
-1328	23239.0	22753.0
-1327	22922.0	22544.0
-1326	23032.0	22938.0
-1325	23344.0	22536.0
-1324	23109.0	22741.0
-1323	23097.0	22754.0
-1322	23154.0	23047.0
-1321	22941.0	22756.0
-1320	22923.0	22686.0
-1319	23225.0	22608.0
-1318	23504.0	23002.0
-1317	23142.0	22902.0
-1316	23026.0	22695.0
-1315	23138.0	22979.0
-1314	23077.0	22595.0
-1313	23158.0	22804.0
-1312	23253.0	22988.0
-1311	23272.0	23016.0
-1310	23299.0	22819.0
-1309	23046.0	22809.0
-1308	23152.0	23087.0
-1307	23521.0	22913.0
-1306	23306.0	22927.0
-1305	23130.0	22731.0
-1304	23156.0	22982.0
-1303	23196.0	22953.0
-1302	23468.0	23019.0
-1301	23384.0	23057.0
-1300	23259.0	22819.0
-1299	23212.0	22855.0
-1298	23349.0	22849.0
-1297	23097.0	22975.0
-1296	23216.0	23092.0
-1295	23041.0	22784.0
-1294	22971.0	22738.0
-1293	23047.0	23006.0
-1292	23268.0	23112.0
-1291	23359.0	22678.0
-1290	23313.0	22863.0
-1289	23030.0	22956.0
-1288	23248.0	22839.0
-1287	23303.0	23185.0
-1286	23394.0	22853.0
-1285	23102.0	22668.0
-1284	23079.0	22861.0
-1283	23090.0	22876.0
-1282	23216.0	22749.0
-1281	23191.0	23066.0
-1280	23300.0	22674.0
-1279	23430.0	22901.0
-1278	23336.0	22929.0
-1277	23219.0	23040.0
-1276	23293.0	23015.0
-1275	23552.0	22941.0
-1274	23383.0	23186.0
-1273	22945.0	23014.0
-1272	23064.0	22827.0
-1271	23140.0	22839.0
-1270	23339.0	23181.0
-1269	23263.0	22744.0
-1268	23262.0	22904.0
-1267	23269.0	23155.0
-1266	23538.0	23048.0
-1265	23296.0	22843.0
-1264	23666.0	23060.0
-1263	23125.0	23023.0
-1262	23353.0	23074.0
-1261	23590.0	22925.0
-1260	23399.0	22924.0
-1259	23116.0	22835.0
-1258	23368.0	23025.0
-1257	23297.0	23023.0
-1256	23384.0	23082.0
-1255	23601.0	22958.0
-1254	23509.0	23125.0
-1253	23520.0	23283.0
-1252	23308.0	23251.0
-1251	23471.0	23086.0
-1250	23395.0	23326.0
-1249	23389.0	22839.0
-1248	23224.0	22929.0
-1247	23425.0	23198.0
-1246	23272.0	23288.0
-1245	23253.0	23092.0
-1244	23455.0	23157.0
-1243	23079.0	23221.0
-1242	23145.0	23123.0
-1241	23303.0	22935.0
-1240	23219.0	22903.0
-1239	23254.0	23024.0
-1238	23529.0	23167.0
-1237	23708.0	23234.0
-1236	23338.0	23193.0
-1235	23333.0	23093.0
-1234	23255.0	23246.0
-1233	23425.0	22943.0
-1232	23840.0	22896.0
-1231	23307.0	23293.0
-1230	23565.0	22954.0
-1229	23429.0	22867.0
-1228	23312.0	23345.0
-1227	23524.0	23026.0
-1226	23467.0	23117.0
-1225	23228.0	23208.0
-1224	23433.0	23152.0
-1223	23599.0	23226.0
-1222	23423.0	22924.0
-1221	23576.0	23053.0
-1220	23594.0	23258.0
-1219	23661.0	22771.0
-1218	23548.0	22944.0
-1217	23453.0	22976.0
-1216	23822.0	23179.0
-1215	23550.0	22974.0
-1214	23459.0	23214.0
-1213	23455.0	23148.0
-1212	23303.0	23007.0
-1211	23730.0	23236.0
-1210	23411.0	23114.0
-1209	23439.0	23146.0
-1208	23503.0	23416.0
-1207	23557.0	22920.0
-1206	23682.0	22859.0
-1205	23829.0	23037.0
-1204	23508.0	22873.0
-1203	23676.0	22911.0
-1202	23651.0	23145.0
-1201	23345.0	23039.0
-1200	23525.0	23103.0
-1199	23505.0	23234.0
-1198	23683.0	23123.0
-1197	23864.0	23030.0
-1196	23682.0	23104.0
-1195	23613.0	23155.0
-1194	23597.0	23120.0
-1193	23574.0	22921.0
-1192	23428.0	23056.0
-1191	23469.0	23065.0
-1190	23894.0	23057.0
-1189	23806.0	23289.0
-1188	23574.0	23038.0
-1187	23781.0	23205.0
-1186	23625.0	23199.0
-1185	23600.0	23237.0
-1184	23621.0	22970.0
-1183	23903.0	23193.0
-1182	23348.0	23086.0
-1181	23442.0	23037.0
-1180	23369.0	22840.0
-1179	23874.0	23283.0
-1178	23557.0	23241.0
-1177	23610.0	23147.0
-1176	23571.0	23370.0
-1175	23448.0	23155.0
-1174	23699.0	23338.0
-1173	23523.0	23285.0
-1172	23720.0	23462.0
-1171	23560.0	23314.0
-1170	23821.0	23165.0
-1169	23950.0	23211.0
-1168	23705.0	23454.0
-1167	23589.0	23480.0
-1166	23782.0	23300.0
-1165	23783.0	23131.0
-1164	23500.0	23307.0
-1163	24048.0	23259.0
-1162	23461.0	23274.0
-1161	23716.0	23146.0
-1160	23579.0	23141.0
-1159	23789.0	23397.0
-1158	23772.0	23080.0
-1157	23746.0	23529.0
-1156	23700.0	23436.0
-1155	23774.0	23312.0
-1154	23796.0	23335.0
-1153	23682.0	23358.0
-1152	23953.0	23102.0
-1151	23788.0	23612.0
-1150	23698.0	23382.0
-1149	23602.0	23748.0
-1148	23730.0	23371.0
-1147	23832.0	23354.0
-1146	23687.0	23501.0
-1145	23661.0	23347.0
-1144	23996.0	23097.0
-1143	23793.0	23329.0
-1142	24188.0	23356.0
-1141	23747.0	23420.0
-1140	23698.0	23425.0
-1139	23912.0	23632.0
-1138	23943.0	23532.0
-1137	23575.0	23373.0
-1136	23861.0	23257.0
-1135	23837.0	23358.0
-1134	24044.0	23462.0
-1133	23789.0	23362.0
-1132	24123.0	23533.0
-1131	23784.0	23384.0
-1130	23628.0	23599.0
-1129	23722.0	23335.0
-1128	24023.0	23538.0
-1127	23988.0	23508.0
-1126	23898.0	23478.0
-1125	23852.0	23424.0
-1124	23679.0	23701.0
-1123	23875.0	23465.0
-1122	23839.0	23702.0
-1121	23807.0	23518.0
-1120	24321.0	23407.0
-1119	24233.0	23538.0
-1118	23999.0	23364.0
-1117	24007.0	23296.0
-1116	23898.0	23856.0
-1115	24172.0	23819.0
-1114	24093.0	23687.0
-1113	24064.0	24002.0
-1112	24184.0	23464.0
-1111	23878.0	23752.0
-1110	23892.0	23660.0
-1109	24300.0	23562.0
-1108	23839.0	23628.0
-1107	23800.0	23235.0
-1106	24031.0	23603.0
-1105	23959.0	23358.0
-1104	24115.0	23688.0
-1103	24044.0	23586.0
-1102	23881.0	23639.0
-1101	23821.0	23796.0
-1100	24302.0	23778.0
-1099	23779.0	23741.0
-1098	24214.0	23607.0
-1097	23949.0	23512.0
-1096	24046.0	23657.0
-1095	23976.0	23710.0
-1094	24246.0	23538.0
-1093	24041.0	23804.0
-1092	24118.0	23588.0
-1091	23799.0	23653.0
-1090	23829.0	23738.0
-1089	23826.0	23812.0
-1088	24168.0	23802.0
-1087	24204.0	23781.0
-1086	24080.0	23789.0
-1085	24224.0	24032.0
-1084	24033.0	23819.0
-1083	24166.0	23701.0
-1082	23974.0	23809.0
-1081	24065.0	23942.0
-1080	24033.0	23408.0
-1079	23858.0	23846.0
-1078	23954.0	23547.0
-1077	24169.0	24005.0
-1076	24017.0	23950.0
-1075	24017.0	23633.0
-1074	24051.0	23935.0
-1073	23918.0	23646.0
-1072	24159.0	23797.0
-1071	24058.0	23512.0
-1070	24210.0	24057.0
-1069	24242.0	23767.0
-1068	24208.0	23910.0
-1067	24244.0	23817.0
-1066	24188.0	23732.0
-1065	24153.0	24031.0
-1064	23990.0	23720.0
-1063	24007.0	23771.0
-1062	24317.0	23513.0
-1061	24245.0	23443.0
-1060	24123.0	23482.0
-1059	24070.0	23761.0
-1058	23868.0	23786.0
-1057	24364.0	23847.0
-1056	24034.0	23734.0
-1055	24245.0	23483.0
-1054	24161.0	23799.0
-1053	24282.0	23765.0
-1052	24165.0	23855.0
-1051	24314.0	23850.0
-1050	24154.0	23646.0
-1049	24299.0	23948.0
-1048	24260.0	23909.0
-1047	24057.0	23806.0
-1046	24201.0	23730.0
-1045	24469.0	23845.0
-1044	24152.0	23886.0
-1043	24396.0	23893.0
-1042	24105.0	23978.0
-1041	24713.0	23917.0
-1040	24341.0	23666.0
-1039	24058.0	23845.0
-1038	24388.0	24148.0
-1037	24497.0	23821.0
-1036	24274.0	23925.0
-1035	24440.0	23973.0
-1034	24339.0	23864.0
-1033	24393.0	23961.0
-1032	24645.0	23702.0
-1031	24233.0	23902.0
-1030	24403.0	23787.0
-1029	24550.0	23757.0
-1028	24282.0	24082.0
-1027	24449.0	24084.0
-1026	24421.0	23899.0
-1025	24463.0	23978.0
-1024	24376.0	23965.0
-1023	24695.0	23968.0
-1022	24576.0	23800.0
-1021	24582.0	24081.0
-1020	24303.0	23906.0
-1019	24336.0	23789.0
-1018	24522.0	24014.0
-1017	24482.0	23937.0
-1016	24542.0	24307.0
-1015	24709.0	23938.0
-1014	24586.0	23957.0
-1013	24484.0	24074.0
-1012	24661.0	24061.0
-1011	24833.0	23910.0
-1010	24722.0	24035.0
-1009	24500.0	24137.0
-1008	24763.0	23941.0
-1007	24566.0	23889.0
-1006	24589.0	24146.0
-1005	24947.0	23931.0
-1004	24712.0	23973.0
-1003	24770.0	24077.0
-1002	24816.0	23808.0
-1001	24697.0	23799.0
-1000	24788.0	23932.0
-999	24614.0	23901.0
-998	24963.0	24158.0
-997	24261.0	23799.0
-996	24507.0	23991.0
-995	24608.0	23923.0
-994	24518.0	24003.0
-993	24511.0	23969.0
-992	24630.0	24308.0
-991	24835.0	23976.0
-990	24665.0	23951.0
-989	24723.0	24068.0
-988	24667.0	23986.0
-987	24438.0	24054.0
-986	24446.0	24346.0
-985	24727.0	24025.0
-984	24879.0	24124.0
-983	24701.0	24072.0
-982	24420.0	24294.0
-981	24644.0	23979.0
-980	24694.0	23992.0
-979	24504.0	24412.0
-978	24649.0	24127.0
-977	24900.0	24087.0
-976	24723.0	24336.0
-975	24514.0	24359.0
-974	24582.0	24382.0
-973	24841.0	24149.0
-972	24806.0	24432.0
-971	24888.0	24010.0
-970	24607.0	24178.0
-969	24738.0	24011.0
-968	25001.0	23907.0
-967	24716.0	24444.0
-966	24667.0	24319.0
-965	24598.0	24225.0
-964	24796.0	24116.0
-963	24881.0	24223.0
-962	24923.0	24225.0
-961	24726.0	24137.0
-960	24867.0	24005.0
-959	25041.0	24239.0
-958	24916.0	24235.0
-957	24786.0	24127.0
-956	24887.0	24277.0
-955	24703.0	24058.0
-954	24797.0	24354.0
-953	25120.0	24190.0
-952	24745.0	24190.0
-951	24635.0	24052.0
-950	25093.0	24118.0
-949	24921.0	24256.0
-948	24733.0	24202.0
-947	24908.0	24108.0
-946	24836.0	24361.0
-945	25057.0	23993.0
-944	24824.0	23845.0
-943	24662.0	24246.0
-942	24820.0	24373.0
-941	24816.0	24222.0
-940	24924.0	23913.0
-939	24895.0	24495.0
-938	25242.0	24317.0
-937	25169.0	24262.0
-936	25090.0	24302.0
-935	24807.0	24305.0
-934	24806.0	24298.0
-933	24942.0	24254.0
-932	24886.0	24180.0
-931	25147.0	24272.0
-930	25187.0	23995.0
-929	24869.0	24353.0
-928	24859.0	24509.0
-927	24969.0	24517.0
-926	24890.0	24279.0
-925	24924.0	24241.0
-924	25181.0	24392.0
-923	24937.0	24490.0
-922	25206.0	24262.0
-921	25382.0	24555.0
-920	25071.0	24503.0
-919	25135.0	24327.0
-918	25174.0	24611.0
-917	25000.0	24372.0
-916	24999.0	24329.0
-915	24991.0	24491.0
-914	25212.0	24252.0
-913	25150.0	24606.0
-912	24917.0	24670.0
-911	24901.0	23955.0
-910	24846.0	24330.0
-909	24963.0	24352.0
-908	25215.0	24463.0
-907	24774.0	24500.0
-906	25192.0	24696.0
-905	25277.0	24206.0
-904	25250.0	24443.0
-903	24945.0	24345.0
-902	25314.0	24628.0
-901	25338.0	24603.0
-900	25076.0	24574.0
-899	25319.0	24689.0
-898	25275.0	24680.0
-897	25045.0	24632.0
-896	25408.0	24507.0
-895	25379.0	24585.0
-894	25541.0	24696.0
-893	25343.0	24661.0
-892	25254.0	24640.0
-891	25031.0	24828.0
-890	25109.0	24461.0
-889	25252.0	24570.0
-888	25584.0	24571.0
-887	25270.0	24414.0
-886	25180.0	24836.0
-885	25423.0	24400.0
-884	25485.0	24438.0
-883	25579.0	24453.0
-882	25520.0	24539.0
-881	25367.0	24780.0
-880	25377.0	24457.0
-879	25711.0	24756.0
-878	25396.0	24773.0
-877	25509.0	24710.0
-876	25331.0	24933.0
-875	25386.0	24609.0
-874	25596.0	25091.0
-873	25560.0	24559.0
-872	25613.0	24746.0
-871	25440.0	24612.0
-870	25390.0	24437.0
-869	25525.0	24823.0
-868	25309.0	24504.0
-867	25372.0	24794.0
-866	25852.0	24590.0
-865	25550.0	24960.0
-864	25440.0	24693.0
-863	25907.0	24914.0
-862	25341.0	24837.0
-861	25392.0	24644.0
-860	25367.0	24714.0
-859	25542.0	24646.0
-858	25441.0	24646.0
-857	25830.0	24491.0
-856	25646.0	24769.0
-855	25660.0	24895.0
-854	25464.0	25095.0
-853	25797.0	24808.0
-852	25529.0	24738.0
-851	25710.0	24792.0
-850	25549.0	24923.0
-849	25758.0	24924.0
-848	25694.0	24629.0
-847	25720.0	24869.0
-846	25792.0	24955.0
-845	25801.0	25101.0
-844	25630.0	25013.0
-843	25574.0	25093.0
-842	25659.0	24970.0
-841	25897.0	24805.0
-840	25718.0	25101.0
-839	25907.0	25206.0
-838	25789.0	24944.0
-837	25898.0	24846.0
-836	25570.0	25083.0
-835	25742.0	25009.0
-834	25867.0	24950.0
-833	25869.0	24867.0
-832	25297.0	24571.0
-831	25713.0	24707.0
-830	25836.0	24852.0
-829	25824.0	25121.0
-828	25712.0	25076.0
-827	25855.0	24892.0
-826	25834.0	24940.0
-825	26098.0	25306.0
-824	25831.0	24939.0
-823	25791.0	25321.0
-822	25687.0	24733.0
-821	25853.0	25018.0
-820	25875.0	25132.0
-819	25892.0	24953.0
-818	26117.0	24987.0
-817	26240.0	25055.0
-816	25938.0	24943.0
-815	26190.0	24985.0
-814	25931.0	25252.0
-813	25699.0	24988.0
-812	25891.0	24966.0
-811	26018.0	24982.0
-810	25668.0	24944.0
-809	25513.0	24999.0
-808	25828.0	25043.0
-807	25790.0	24708.0
-806	26086.0	25023.0
-805	25763.0	25224.0
-804	26295.0	25140.0
-803	25993.0	24999.0
-802	26046.0	25136.0
-801	25903.0	25283.0
-800	26130.0	24936.0
-799	25931.0	25059.0
-798	25987.0	24966.0
-797	25992.0	24875.0
-796	26116.0	24842.0
-795	25874.0	25063.0
-794	25633.0	25369.0
-793	26033.0	25318.0
-792	26211.0	24999.0
-791	26102.0	25233.0
-790	25947.0	25337.0
-789	26079.0	25152.0
-788	26197.0	25337.0
-787	25965.0	25219.0
-786	25865.0	25281.0
-785	26211.0	25128.0
-784	26055.0	25136.0
-783	26068.0	25376.0
-782	26579.0	25523.0
-781	26302.0	25284.0
-780	25761.0	25230.0
-779	26126.0	25390.0
-778	26382.0	25316.0
-777	26115.0	25338.0
-776	26212.0	25309.0
-775	26183.0	25437.0
-774	26041.0	25220.0
-773	26154.0	25445.0
-772	26094.0	25519.0
-771	26272.0	25499.0
-770	26185.0	25379.0
-769	26219.0	25169.0
-768	26134.0	25064.0
-767	26326.0	25395.0
-766	26144.0	25232.0
-765	26084.0	25156.0
-764	26421.0	25385.0
-763	26286.0	25592.0
-762	26266.0	25632.0
-761	26292.0	25407.0
-760	26108.0	25127.0
-759	26253.0	25627.0
-758	26471.0	25154.0
-757	26297.0	25394.0
-756	26585.0	25282.0
-755	26351.0	25267.0
-754	26551.0	25463.0
-753	26012.0	25467.0
-752	26452.0	25330.0
-751	26181.0	25453.0
-750	26235.0	25641.0
-749	26557.0	25479.0
-748	26181.0	25473.0
-747	26307.0	25813.0
-746	26546.0	25252.0
-745	26332.0	25494.0
-744	26672.0	25404.0
-743	26441.0	25535.0
-742	26299.0	25319.0
-741	26545.0	25523.0
-740	26530.0	25461.0
-739	26385.0	25372.0
-738	26549.0	25831.0
-737	26595.0	25290.0
-736	26811.0	25571.0
-735	26392.0	25500.0
-734	26498.0	25416.0
-733	26541.0	25663.0
-732	26570.0	25559.0
-731	26846.0	25450.0
-730	26826.0	25425.0
-729	26525.0	25524.0
-728	26557.0	25748.0
-727	26875.0	25627.0
-726	26762.0	25663.0
-725	26694.0	25738.0
-724	26602.0	25156.0
-723	26612.0	25819.0
-722	26613.0	25574.0
-721	26744.0	25685.0
-720	26922.0	25807.0
-719	26954.0	25695.0
-718	26587.0	25659.0
-717	26997.0	25645.0
-716	26669.0	25646.0
-715	26559.0	25667.0
-714	26886.0	25612.0
-713	26973.0	25673.0
-712	26823.0	25485.0
-711	26688.0	25376.0
-710	27067.0	25851.0
-709	26762.0	25751.0
-708	27020.0	25870.0
-707	26819.0	25826.0
-706	26796.0	25845.0
-705	26853.0	25785.0
-704	26823.0	25824.0
-703	26839.0	25462.0
-702	27053.0	25658.0
-701	27096.0	25480.0
-700	27130.0	25754.0
-699	26886.0	25914.0
-698	26785.0	25734.0
-697	27223.0	25876.0
-696	27091.0	25832.0
-695	27124.0	25713.0
-694	26993.0	25810.0
-693	27167.0	25934.0
-692	26728.0	25544.0
-691	27128.0	25538.0
-690	27211.0	25977.0
-689	26902.0	25815.0
-688	26986.0	25536.0
-687	26917.0	25903.0
-686	27277.0	25551.0
-685	27260.0	26037.0
-684	27071.0	25783.0
-683	27190.0	25733.0
-682	27163.0	25996.0
-681	26891.0	25944.0
-680	26948.0	25736.0
-679	27138.0	26032.0
-678	27093.0	26024.0
-677	27148.0	26002.0
-676	27203.0	25864.0
-675	27306.0	25862.0
-674	27288.0	25694.0
-673	27289.0	25750.0
-672	27200.0	25955.0
-671	27218.0	25993.0
-670	27102.0	26053.0
-669	27523.0	26015.0
-668	27293.0	26042.0
-667	27261.0	25924.0
-666	27533.0	26018.0
-665	27122.0	25850.0
-664	27295.0	25805.0
-663	27470.0	26345.0
-662	27398.0	25858.0
-661	27654.0	26466.0
-660	27320.0	25983.0
-659	27313.0	25742.0
-658	27450.0	25961.0
-657	27385.0	26202.0
-656	27327.0	26107.0
-655	27407.0	25976.0
-654	27615.0	26108.0
-653	27575.0	26249.0
-652	27556.0	25826.0
-651	27375.0	26245.0
-650	27794.0	25912.0
-649	27417.0	26111.0
-648	27721.0	26009.0
-647	27616.0	26322.0
-646	27707.0	26379.0
-645	27869.0	26072.0
-644	27902.0	26121.0
-643	27867.0	26416.0
-642	27661.0	25941.0
-641	27809.0	26346.0
-640	27699.0	26238.0
-639	27665.0	26065.0
-638	27827.0	26112.0
-637	27604.0	25987.0
-636	27890.0	26303.0
-635	27683.0	26058.0
-634	27867.0	25985.0
-633	27915.0	25985.0
-632	27617.0	26378.0
-631	27653.0	26104.0
-630	27686.0	26308.0
-629	28039.0	26509.0
-628	27794.0	26179.0
-627	28166.0	26347.0
-626	28123.0	26509.0
-625	28142.0	26222.0
-624	27727.0	26364.0
-623	28127.0	26295.0
-622	27667.0	26345.0
-621	28209.0	26332.0
-620	27879.0	26462.0
-619	27796.0	26416.0
-618	27913.0	26277.0
-617	28231.0	26443.0
-616	28211.0	26314.0
-615	27803.0	26604.0
-614	28115.0	26726.0
-613	28111.0	26378.0
-612	27829.0	26471.0
-611	27972.0	26725.0
-610	27980.0	26675.0
-609	28065.0	26677.0
-608	27995.0	26666.0
-607	28111.0	26522.0
-606	28241.0	26668.0
-605	28101.0	26556.0
-604	28044.0	26511.0
-603	28388.0	26715.0
-602	28314.0	26684.0
-601	28364.0	26431.0
-600	28319.0	26737.0
-599	28143.0	26915.0
-598	28272.0	26802.0
-597	28579.0	26762.0
-596	28089.0	26944.0
-595	28018.0	26488.0
-594	28361.0	26831.0
-593	28309.0	26489.0
-592	28607.0	26934.0
-591	28304.0	26820.0
-590	28485.0	26669.0
-589	28644.0	26976.0
-588	28379.0	26972.0
-587	28281.0	27057.0
-586	28416.0	26783.0
-585	28574.0	26822.0
-584	28481.0	26783.0
-583	28523.0	26955.0
-582	28917.0	26812.0
-581	28462.0	26938.0
-580	28515.0	26862.0
-579	28520.0	27077.0
-578	28619.0	26816.0
-577	28289.0	26949.0
-576	28926.0	26969.0
-575	28851.0	27041.0
-574	28446.0	26908.0
-573	28508.0	27170.0
-572	28214.0	26919.0
-571	28765.0	27360.0
-570	28895.0	26967.0
-569	28878.0	27326.0
-568	28611.0	27262.0
-567	28842.0	27057.0
-566	28904.0	27290.0
-565	28601.0	26998.0
-564	28809.0	27063.0
-563	28721.0	27211.0
-562	28793.0	26964.0
-561	28943.0	27279.0
-560	28548.0	27068.0
-559	28951.0	26834.0
-558	28894.0	27068.0
-557	29067.0	27315.0
-556	28938.0	27240.0
-555	28965.0	27358.0
-554	28850.0	27094.0
-553	28752.0	27236.0
-552	28798.0	27471.0
-551	28920.0	27390.0
-550	28926.0	27551.0
-549	28977.0	27193.0
-548	29316.0	27486.0
-547	29003.0	27331.0
-546	29040.0	27229.0
-545	28990.0	27526.0
-544	29209.0	27241.0
-543	28926.0	27271.0
-542	28731.0	27196.0
-541	29370.0	27477.0
-540	29413.0	27510.0
-539	29497.0	27434.0
-538	29386.0	27401.0
-537	29241.0	27233.0
-536	29492.0	27414.0
-535	29034.0	27553.0
-534	29155.0	27457.0
-533	29160.0	27107.0
-532	29330.0	27419.0
-531	29405.0	27431.0
-530	29371.0	27347.0
-529	29260.0	27190.0
-528	29383.0	27526.0
-527	29419.0	27500.0
-526	29200.0	27648.0
-525	29433.0	27711.0
-524	29208.0	27404.0
-523	29394.0	27501.0
-522	29385.0	27543.0
-521	29750.0	27818.0
-520	29715.0	27568.0
-519	29569.0	27552.0
-518	29598.0	27595.0
-517	29551.0	27997.0
-516	29580.0	27417.0
-515	29539.0	27627.0
-514	29643.0	27240.0
-513	29798.0	27674.0
-512	29771.0	27538.0
-511	29900.0	27289.0
-510	29681.0	27844.0
-509	29945.0	27688.0
-508	29886.0	27442.0
-507	29625.0	27671.0
-506	30120.0	27599.0
-505	30028.0	27751.0
-504	29921.0	27733.0
-503	29894.0	27593.0
-502	29976.0	27930.0
-501	29921.0	27687.0
-500	30040.0	27672.0
-499	29938.0	28015.0
-498	29838.0	27733.0
-497	30193.0	27743.0
-496	29893.0	27799.0
-495	30136.0	27625.0
-494	30242.0	27946.0
-493	30493.0	27653.0
-492	30326.0	28019.0
-491	30032.0	28007.0
-490	30498.0	27906.0
-489	30605.0	28037.0
-488	30235.0	28017.0
-487	30238.0	27867.0
-486	30197.0	27810.0
-485	30470.0	27981.0
-484	30250.0	27742.0
-483	30169.0	27903.0
-482	30357.0	28007.0
-481	30343.0	28280.0
-480	30426.0	28202.0
-479	30492.0	28028.0
-478	30689.0	28118.0
-477	30616.0	27991.0
-476	30801.0	28115.0
-475	30717.0	28276.0
-474	30654.0	28260.0
-473	30521.0	28540.0
-472	30765.0	28287.0
-471	30422.0	28292.0
-470	30933.0	28519.0
-469	30626.0	28406.0
-468	30849.0	28363.0
-467	30749.0	28289.0
-466	30960.0	28306.0
-465	30695.0	28456.0
-464	30766.0	28502.0
-463	30835.0	28540.0
-462	30938.0	28434.0
-461	30515.0	28253.0
-460	31294.0	28250.0
-459	30979.0	28808.0
-458	31072.0	28328.0
-457	31588.0	28397.0
-456	31093.0	28435.0
-455	31175.0	28511.0
-454	31056.0	28768.0
-453	31415.0	28719.0
-452	31350.0	28386.0
-451	31194.0	28394.0
-450	31038.0	28659.0
-449	31520.0	28677.0
-448	31497.0	28716.0
-447	30986.0	28746.0
-446	31370.0	28524.0
-445	31508.0	28402.0
-444	31365.0	28540.0
-443	31542.0	28678.0
-442	31504.0	28739.0
-441	31746.0	28440.0
-440	31439.0	28790.0
-439	31920.0	28913.0
-438	32159.0	28874.0
-437	31706.0	29155.0
-436	31812.0	28722.0
-435	31649.0	28903.0
-434	31664.0	28983.0
-433	31834.0	28617.0
-432	31980.0	28956.0
-431	31708.0	28469.0
-430	32016.0	28873.0
-429	31934.0	28991.0
-428	32074.0	28863.0
-427	31594.0	28899.0
-426	31942.0	28916.0
-425	31901.0	29091.0
-424	32090.0	29004.0
-423	32300.0	29190.0
-422	32041.0	29065.0
-421	32600.0	29328.0
-420	32342.0	28881.0
-419	32423.0	29077.0
-418	32545.0	29395.0
-417	32646.0	29533.0
-416	32790.0	29416.0
-415	32452.0	29270.0
-414	32311.0	29195.0
-413	32613.0	29230.0
-412	32505.0	29212.0
-411	32719.0	29178.0
-410	32656.0	29425.0
-409	32839.0	29464.0
-408	32813.0	29557.0
-407	33168.0	29381.0
-406	32960.0	29316.0
-405	33095.0	29468.0
-404	32979.0	29426.0
-403	32794.0	29492.0
-402	33056.0	29418.0
-401	33200.0	29472.0
-400	33252.0	29445.0
-399	33172.0	29532.0
-398	33271.0	29516.0
-397	33617.0	29478.0
-396	33772.0	29640.0
-395	33274.0	29229.0
-394	33326.0	30076.0
-393	33601.0	29765.0
-392	33427.0	29820.0
-391	33623.0	29918.0
-390	33709.0	29696.0
-389	33453.0	29887.0
-388	33624.0	29884.0
-387	33734.0	29951.0
-386	33446.0	29711.0
-385	33852.0	29895.0
-384	33993.0	30128.0
-383	33665.0	29887.0
-382	33757.0	30321.0
-381	34334.0	30255.0
-380	34102.0	30286.0
-379	34132.0	30154.0
-378	34088.0	30086.0
-377	33970.0	30117.0
-376	34354.0	30012.0
-375	34084.0	30151.0
-374	34432.0	30109.0
-373	34501.0	30194.0
-372	34368.0	30447.0
-371	34494.0	30546.0
-370	34492.0	30466.0
-369	34511.0	30557.0
-368	34283.0	30472.0
-367	34859.0	30284.0
-366	34629.0	30767.0
-365	34582.0	30601.0
-364	34937.0	30725.0
-363	34829.0	30656.0
-362	35122.0	30464.0
-361	34909.0	30462.0
-360	34653.0	30799.0
-359	35179.0	30691.0
-358	35174.0	30654.0
-357	35064.0	30607.0
-356	35002.0	30815.0
-355	35165.0	30764.0
-354	35368.0	30931.0
-353	35176.0	31166.0
-352	35291.0	30708.0
-351	35094.0	31054.0
-350	35585.0	30762.0
-349	35479.0	30702.0
-348	35682.0	30656.0
-347	35872.0	30935.0
-346	35853.0	30884.0
-345	35562.0	31217.0
-344	35896.0	31086.0
-343	35989.0	31191.0
-342	35967.0	31009.0
-341	36162.0	31051.0
-340	36079.0	31003.0
-339	36262.0	31411.0
-338	36248.0	31183.0
-337	36037.0	31525.0
-336	36451.0	31250.0
-335	36275.0	31195.0
-334	36551.0	31147.0
-333	36503.0	31598.0
-332	36416.0	31497.0
-331	36699.0	31133.0
-330	36462.0	31576.0
-329	36669.0	31714.0
-328	37050.0	31465.0
-327	36796.0	31720.0
-326	36935.0	31614.0
-325	36933.0	31584.0
-324	37018.0	31609.0
-323	36972.0	31646.0
-322	37194.0	31788.0
-321	36990.0	31773.0
-320	37227.0	31780.0
-319	37066.0	31530.0
-318	36967.0	31863.0
-317	37353.0	31795.0
-316	37442.0	32174.0
-315	37856.0	31613.0
-314	37531.0	32014.0
-313	37764.0	31729.0
-312	37682.0	31808.0
-311	37518.0	31771.0
-310	37932.0	31948.0
-309	37887.0	32138.0
-308	38015.0	31973.0
-307	38189.0	32101.0
-306	38101.0	32028.0
-305	38169.0	32109.0
-304	38173.0	32389.0
-303	38693.0	32227.0
-302	38314.0	32695.0
-301	38515.0	32225.0
-300	38511.0	32383.0
-299	38578.0	32366.0
-298	38790.0	32333.0
-297	38828.0	32482.0
-296	38661.0	32479.0
-295	38545.0	32259.0
-294	38988.0	32687.0
-293	39067.0	32585.0
-292	39370.0	32551.0
-291	39336.0	32700.0
-290	39449.0	32412.0
-289	39106.0	32890.0
-288	39157.0	32504.0
-287	39306.0	32649.0
-286	39745.0	33016.0
-285	39723.0	32793.0
-284	40050.0	32861.0
-283	39810.0	32637.0
-282	39748.0	32863.0
-281	39931.0	32980.0
-280	40039.0	32796.0
-279	40294.0	33376.0
-278	39771.0	33127.0
-277	40295.0	33317.0
-276	40528.0	33097.0
-275	40230.0	33462.0
-274	40725.0	33126.0
-273	40764.0	32954.0
-272	40750.0	33110.0
-271	40664.0	33616.0
-270	40601.0	33198.0
-269	40988.0	33535.0
-268	40895.0	33441.0
-267	41285.0	33624.0
-266	41295.0	33540.0
-265	41062.0	33866.0
-264	41189.0	33702.0
-263	41451.0	33785.0
-262	41692.0	33896.0
-261	41679.0	33820.0
-260	41767.0	34058.0
-259	41702.0	33969.0
-258	42039.0	33815.0
-257	42370.0	33961.0
-256	42202.0	34180.0
-255	42166.0	34108.0
-254	42523.0	34247.0
-253	42432.0	34506.0
-252	42297.0	34228.0
-251	42548.0	34359.0
-250	43075.0	34569.0
-249	42675.0	34408.0
-248	42896.0	34469.0
-247	43034.0	34262.0
-246	43255.0	34553.0
-245	43025.0	34571.0
-244	43331.0	34507.0
-243	43599.0	34659.0
-242	43586.0	34799.0
-241	43485.0	34673.0
-240	43924.0	35104.0
-239	44076.0	34910.0
-238	43689.0	34956.0
-237	44318.0	34887.0
-236	44499.0	35177.0
-235	44512.0	35166.0
-234	44686.0	35267.0
-233	44545.0	35155.0
-232	44547.0	35505.0
-231	45133.0	35329.0
-230	45150.0	35375.0
-229	45174.0	35400.0
-228	45180.0	35515.0
-227	45213.0	35653.0
-226	45343.0	35762.0
-225	45825.0	35779.0
-224	45807.0	35960.0
-223	45688.0	36254.0
-222	46366.0	35569.0
-221	46320.0	35743.0
-220	46256.0	36166.0
-219	46197.0	36175.0
-218	46894.0	36196.0
-217	46634.0	36239.0
-216	46668.0	35930.0
-215	47142.0	36354.0
-214	47080.0	36195.0
-213	47442.0	36417.0
-212	47460.0	36282.0
-211	47524.0	36335.0
-210	47710.0	36826.0
-209	48087.0	36619.0
-208	47902.0	36612.0
-207	48231.0	36919.0
-206	48316.0	37030.0
-205	48673.0	36691.0
-204	48810.0	37164.0
-203	49107.0	37066.0
-202	49260.0	37229.0
-201	49253.0	37310.0
-200	49437.0	37372.0
-199	49423.0	37023.0
-198	49601.0	37117.0
-197	50117.0	37311.0
-196	50106.0	37277.0
-195	50168.0	37265.0
-194	50251.0	37547.0
-193	50501.0	37632.0
-192	51080.0	38015.0
-191	50890.0	38001.0
-190	51452.0	37883.0
-189	51197.0	37920.0
-188	51753.0	37761.0
-187	51990.0	38358.0
-186	51908.0	38050.0
-185	52330.0	38144.0
-184	52557.0	38364.0
-183	52762.0	38719.0
-182	53123.0	38734.0
-181	52868.0	38532.0
-180	53346.0	38833.0
-179	53579.0	38669.0
-178	53713.0	38663.0
-177	53857.0	38752.0
-176	54318.0	39094.0
-175	54398.0	38732.0
-174	54479.0	39256.0
-173	54522.0	38992.0
-172	55236.0	39139.0
-171	55397.0	39390.0
-170	55607.0	39661.0
-169	55574.0	39751.0
-168	55757.0	39458.0
-167	56486.0	39456.0
-166	56467.0	39807.0
-165	57062.0	39941.0
-164	57146.0	39886.0
-163	57420.0	39834.0
-162	57803.0	39833.0
-161	57890.0	40160.0
-160	57950.0	40153.0
-159	58325.0	39886.0
-158	58700.0	40155.0
-157	58988.0	40369.0
-156	59055.0	40163.0
-155	59145.0	40416.0
-154	59781.0	40488.0
-153	60023.0	40835.0
-152	60103.0	40906.0
-151	61216.0	40962.0
-150	61154.0	40842.0
-149	61203.0	40988.0
-148	61534.0	41111.0
-147	61842.0	41122.0
-146	62212.0	41441.0
-145	62627.0	41561.0
-144	62477.0	41159.0
-143	63153.0	41593.0
-142	63153.0	41578.0
-141	63910.0	41949.0
-140	64201.0	41920.0
-139	64197.0	41983.0
-138	64361.0	42016.0
-137	64850.0	42202.0
-136	65799.0	42067.0
-135	65752.0	41969.0
-134	66237.0	42238.0
-133	66957.0	42634.0
-132	66722.0	42653.0
-131	67115.0	42752.0
-130	67645.0	42763.0
-129	68212.0	42760.0
-128	68192.0	42800.0
-127	68922.0	42755.0
-126	69286.0	42959.0
-125	70136.0	42973.0
-124	69875.0	43456.0
-123	70354.0	43334.0
-122	70619.0	43336.0
-121	71353.0	43865.0
-120	71838.0	43703.0
-119	72007.0	43532.0
-118	72655.0	43411.0
-117	72847.0	43729.0
-116	73698.0	44286.0
-115	73772.0	44189.0
-114	74279.0	44634.0
-113	74736.0	44480.0
-112	75502.0	44723.0
-111	75297.0	44560.0
-110	76085.0	44696.0
-109	77177.0	45152.0
-108	77086.0	45242.0
-107	77676.0	45240.0
-106	78071.0	44999.0
-105	78507.0	45477.0
-104	78877.0	45887.0
-103	79502.0	45852.0
-102	80260.0	46251.0
-101	80573.0	46094.0
-100	81149.0	46133.0
-99	81252.0	46314.0
-98	82517.0	46337.0
-97	82324.0	46432.0
-96	83189.0	46528.0
-95	83350.0	46784.0
-94	84395.0	47328.0
-93	84740.0	46831.0
-92	85280.0	47160.0
-91	85604.0	47692.0
-90	86013.0	47514.0
-89	86231.0	47765.0
-88	87085.0	48028.0
-87	87822.0	48038.0
-86	88659.0	48351.0
-85	88572.0	48250.0
-84	89277.0	48948.0
-83	90703.0	48825.0
-82	90785.0	49007.0
-81	91508.0	48848.0
-80	91700.0	49394.0
-79	92343.0	49246.0
-78	92998.0	49592.0
-77	93640.0	49592.0
-76	94441.0	49929.0
-75	95157.0	49605.0
-74	95415.0	50106.0
-73	96497.0	50486.0
-72	96858.0	50833.0
-71	97376.0	50511.0
-70	98223.0	50823.0
-69	98239.0	51324.0
-68	99276.0	51375.0
-67	99719.0	51600.0
-66	100446.0	51768.0
-65	100727.0	52175.0
-64	101458.0	52327.0
-63	102468.0	52193.0
-62	102957.0	52264.0
-61	103563.0	52780.0
-60	104198.0	53217.0
-59	104757.0	53007.0
-58	105417.0	53396.0
-57	105577.0	53409.0
-56	106549.0	53482.0
-55	107215.0	53512.0
-54	107721.0	53843.0
-53	108354.0	54270.0
-52	108735.0	54837.0
-51	109194.0	54882.0
-50	110314.0	54937.0
-49	110054.0	55154.0
-48	111160.0	55668.0
-47	111591.0	55396.0
-46	112390.0	55697.0
-45	112668.0	56057.0
-44	113167.0	56242.0
-43	113713.0	56540.0
-42	114840.0	56936.0
-41	115192.0	56942.0
-40	115559.0	57433.0
-39	116107.0	57784.0
-38	116353.0	58102.0
-37	116934.0	58526.0
-36	117543.0	58370.0
-35	118543.0	58445.0
-34	118652.0	59425.0
-33	119197.0	59343.0
-32	119767.0	59595.0
-31	120806.0	59887.0
-30	120931.0	60640.0
-29	121028.0	60546.0
-28	121591.0	60865.0
-27	122224.0	61262.0
-26	122463.0	61444.0
-25	123160.0	61922.0
-24	123790.0	62108.0
-23	124258.0	62445.0
-22	124926.0	62439.0
-21	125128.0	63169.0
-20	125988.0	62763.0
-19	126565.0	63785.0
-18	126924.0	63893.0
-17	127471.0	64183.0
-16	128428.0	64772.0
-15	128550.0	65189.0
-14	129361.0	64466.0
-13	129273.0	65819.0
-12	129930.0	65879.0
-11	130262.0	66134.0
-10	130805.0	66578.0
-9	131592.0	66901.0
-8	131608.0	67179.0
-7	132226.0	67521.0
-6	132636.0	67854.0
-5	133532.0	68030.0
-4	134194.0	68870.0
-3	134788.0	69901.0
-2	135434.0	70175.0
-1	139065.0	70361.0
0	0.0	70455.0
1	138291.0	69778.0
2	135758.0	69644.0
3	134945.0	71669.0
4	134395.0	72786.0
5	133800.0	73262.0
6	132759.0	73508.0
7	132089.0	73989.0
8	131906.0	74566.0
9	131175.0	75505.0
10	130737.0	75735.0
11	130527.0	76514.0
12	129501.0	77176.0
13	130062.0	77486.0
14	129252.0	77965.0
15	128896.0	78465.0
16	128275.0	79122.0
17	127883.0	79640.0
18	126946.0	80258.0
19	126361.0	81129.0
20	126484.0	82004.0
21	125544.0	82693.0
22	125100.0	82790.0
23	124515.0	83240.0
24	124379.0	84111.0
25	123557.0	85385.0
26	122752.0	85754.0
27	122432.0	86452.0
28	121873.0	86950.0
29	121363.0	87764.0
30	120619.0	88887.0
31	120544.0	89364.0
32	119741.0	90203.0
33	119051.0	91797.0
34	118812.0	91678.0
35	117799.0	92826.0
36	117332.0	93226.0
37	117416.0	93383.0
38	116581.0	93481.0
39	115983.0	94373.0
40	115827.0	94897.0
41	115066.0	95019.0
42	114729.0	95494.0
43	114539.0	95940.0
44	113008.0	96195.0
45	112753.0	97183.0
46	111639.0	97236.0
47	111577.0	97933.0
48	111461.0	98454.0
49	110615.0	98685.0
50	109952.0	99098.0
51	109996.0	99660.0
52	108665.0	100279.0
53	108181.0	101068.0
54	108215.0	101407.0
55	106891.0	102174.0
56	106324.0	102262.0
57	105764.0	102904.0
58	105003.0	103290.0
59	104808.0	103952.0
60	104181.0	104159.0
61	103574.0	105059.0
62	102966.0	105597.0
63	102280.0	106183.0
64	102085.0	106715.0
65	101009.0	107575.0
66	100764.0	108362.0
67	99874.0	108703.0
68	99456.0	108968.0
69	99086.0	109977.0
70	98563.0	110494.0
71	96909.0	111338.0
72	96708.0	111508.0
73	96309.0	112871.0
74	95533.0	113409.0
75	94838.0	113986.0
76	94187.0	115310.0
77	93875.0	115705.0
78	93266.0	115641.0
79	93114.0	116970.0
80	92520.0	118300.0
81	91613.0	118923.0
82	90975.0	119964.0
83	90329.0	121354.0
84	89817.0	121958.0
85	89154.0	123173.0
86	88648.0	123791.0
87	88499.0	125087.0
88	87110.0	125623.0
89	86846.0	126968.0
90	86166.0	127474.0
91	85888.0	127781.0
92	85379.0	128613.0
93	84615.0	129120.0
94	84367.0	130191.0
95	83581.0	131356.0
96	82800.0	132055.0
97	82140.0	132564.0
98	82141.0	133055.0
99	81325.0	133190.0
100	81076.0	133818.0
101	80594.0	134046.0
102	80095.0	134480.0
103	79413.0	134922.0
104	79183.0	135119.0
105	78356.0	135298.0
106	77755.0	135923.0
107	77674.0	136149.0
108	76689.0	136328.0
109	76332.0	137123.0
110	76336.0	136875.0
111	75694.0	136828.0
112	75110.0	137473.0
113	74643.0	137515.0
114	74006.0	137952.0
115	73483.0	137545.0
116	72777.0	137839.0
117	72278.0	138580.0
118	72470.0	138730.0
119	72218.0	137973.0
120	71767.0	137635.0
121	71006.0	137773.0
122	70755.0	137951.0
123	70467.0	137991.0
124	70017.0	138000.0
125	69615.0	138267.0
126	69053.0	138157.0
127	68854.0	137854.0
128	68262.0	138367.0
129	68008.0	137500.0
130	67450.0	137179.0
131	67464.0	136655.0
132	66811.0	136750.0
133	66161.0	136408.0
134	66029.0	136561.0
135	65837.0	136116.0
136	65234.0	135518.0
137	64742.0	135053.0
138	64393.0	135339.0
139	64337.0	135004.0
140	63850.0	134216.0
141	63272.0	133566.0
142	63085.0	133571.0
143	62965.0	132664.0
144	62647.0	131994.0
145	62112.0	131489.0
146	61817.0	130723.0
147	61675.0	130488.0
148	60917.0	129945.0
149	61151.0	128995.0
150	60191.0	127783.0
151	60166.0	126940.0
152	60098.0	126199.0
153	59680.0	125267.0
154	59546.0	124408.0
155	59146.0	123508.0
156	58667.0	122470.0
157	58636.0	120908.0
158	58364.0	120399.0
159	57966.0	119069.0
160	57917.0	118286.0
161	57772.0	117338.0
162	57216.0	116208.0
163	57328.0	115825.0
164	56637.0	114484.0
165	56874.0	114195.0
166	56295.0	112428.0
167	56023.0	111967.0
168	56067.0	111572.0
169	55325.0	110592.0
170	55518.0	110450.0
171	55429.0	109226.0
172	54500.0	108628.0
173	54923.0	107932.0
174	54332.0	107432.0
175	54575.0	106898.0
176	54065.0	106090.0
177	53441.0	105602.0
178	53426.0	105511.0
179	53348.0	104571.0
180	53373.0	103734.0
181	53124.0	103423.0
182	52393.0	102064.0
183	52446.0	101995.0
184	52241.0	101270.0
185	52133.0	100979.0
186	52023.0	100756.0
187	52136.0	100101.0
188	51442.0	99253.0
189	51729.0	98468.0
190	51328.0	97797.0
191	50646.0	97954.0
192	50902.0	96945.0
193	50966.0	96387.0
194	50794.0	95729.0
195	50339.0	95548.0
196	50171.0	94690.0
197	49826.0	93856.0
198	49962.0	93421.0
199	49177.0	92808.0
200	49527.0	92591.0
201	49063.0	91625.0
202	48905.0	91434.0
203	49009.0	90961.0
204	48594.0	89919.0
205	48698.0	89715.0
206	48290.0	89534.0
207	48453.0	88045.0
208	47953.0	87900.0
209	47924.0	87347.0
210	47704.0	86794.0
211	47233.0	86522.0
212	47500.0	85897.0
213	47397.0	85570.0
214	47429.0	84999.0
215	46952.0	84235.0
216	46572.0	84175.0
217	46588.0	83385.0
218	46416.0	82872.0
219	46554.0	82511.0
220	46146.0	81654.0
221	45832.0	81564.0
222	45893.0	80986.0
223	45716.0	80408.0
224	45835.0	79857.0
225	45544.0	79567.0
226	45479.0	79327.0
227	45448.0	78458.0
228	45621.0	77954.0
229	45163.0	76920.0
230	44907.0	76949.0
231	45233.0	76037.0
232	44704.0	76163.0
233	44750.0	75567.0
234	44300.0	75015.0
235	44413.0	74432.0
236	44269.0	74722.0
237	44442.0	73454.0
238	43546.0	73430.0
239	44024.0	73028.0
240	44022.0	72604.0
241	43556.0	72086.0
242	43460.0	71751.0
243	43289.0	71741.0
244	43395.0	70652.0
245	43071.0	70623.0
246	43316.0	69950.0
247	42827.0	69626.0
248	42873.0	69707.0
249	42990.0	69417.0
250	42565.0	68542.0
251	42980.0	68110.0
252	42298.0	67783.0
253	42170.0	67553.0
254	41723.0	66739.0
255	42191.0	66604.0
256	42123.0	66279.0
257	41618.0	65944.0
258	41728.0	65140.0
259	41751.0	65362.0
260	41369.0	64804.0
261	41798.0	64228.0
262	41315.0	64095.0
263	41280.0	63896.0
264	41108.0	63243.0
265	41127.0	62944.0
266	41292.0	62707.0
267	40956.0	62703.0
268	41119.0	62288.0
269	41022.0	61928.0
270	40820.0	61574.0
271	40714.0	61134.0
272	40626.0	61094.0
273	40496.0	60805.0
274	40644.0	60122.0
275	40282.0	59981.0
276	40228.0	59872.0
277	40486.0	59498.0
278	39984.0	59007.0
279	39881.0	58548.0
280	40129.0	58791.0
281	40029.0	58315.0
282	39783.0	57752.0
283	39959.0	57917.0
284	39894.0	57556.0
285	39639.0	57180.0
286	39273.0	57486.0
287	39061.0	56753.0
288	39323.0	56422.0
289	39479.0	56183.0
290	39330.0	55701.0
291	39409.0	55886.0
292	39145.0	55559.0
293	38902.0	55468.0
294	38980.0	55032.0
295	38858.0	54851.0
296	39214.0	54326.0
297	38683.0	54136.0
298	38613.0	54272.0
299	38512.0	53738.0
300	38354.0	53852.0
301	38622.0	53522.0
302	38191.0	53064.0
303	38319.0	52985.0
304	38146.0	52746.0
305	38092.0	52266.0
306	37888.0	52290.0
307	38006.0	52009.0
308	37745.0	51951.0
309	37969.0	51707.0
310	37983.0	51207.0
311	37580.0	51304.0
312	37791.0	51280.0
313	37728.0	50960.0
314	37982.0	50667.0
315	37289.0	50652.0
316	37744.0	50545.0
317	37494.0	50275.0
318	37396.0	50040.0
319	37284.0	49893.0
320	37184.0	49826.0
321	37211.0	49584.0
322	37094.0	49047.0
323	37104.0	49429.0
324	36877.0	49086.0
325	36817.0	48781.0
326	36971.0	48970.0
327	36665.0	48593.0
328	36927.0	48238.0
329	36584.0	47740.0
330	36490.0	48014.0
331	36401.0	48161.0
332	36730.0	47575.0
333	36570.0	47488.0
334	36518.0	47347.0
335	36311.0	47391.0
336	36273.0	47303.0
337	36350.0	46995.0
338	36501.0	46548.0
339	36236.0	46410.0
340	35875.0	46446.0
341	36133.0	46355.0
342	35940.0	46365.0
343	35858.0	46195.0
344	35815.0	45918.0
345	36065.0	45632.0
346	35860.0	45519.0
347	35684.0	45604.0
348	35580.0	44990.0
349	35361.0	45250.0
350	35575.0	45008.0
351	35315.0	44687.0
352	35454.0	44812.0
353	35523.0	44737.0
354	35335.0	44357.0
355	35507.0	44226.0
356	35472.0	44436.0
357	35340.0	44411.0
358	35175.0	43882.0
359	34907.0	43855.0
360	35008.0	44354.0
361	35225.0	43725.0
362	34464.0	43578.0
363	34861.0	43564.0
364	34851.0	43696.0
365	34736.0	43603.0
366	34735.0	43253.0
367	34629.0	42884.0
368	34621.0	42946.0
369	34434.0	42759.0
370	34637.0	42548.0
371	34244.0	42738.0
372	34412.0	42458.0
373	34514.0	42454.0
374	34342.0	42404.0
375	34081.0	42325.0
376	34223.0	42270.0
377	34090.0	42027.0
378	34057.0	41668.0
379	34167.0	41984.0
380	33937.0	41812.0
381	34000.0	41468.0
382	34050.0	41318.0
383	33806.0	41529.0
384	33426.0	41216.0
385	33853.0	41325.0
386	33840.0	41595.0
387	33648.0	41251.0
388	33446.0	41073.0
389	33412.0	41046.0
390	33670.0	41026.0
391	33421.0	40578.0
392	33506.0	40759.0
393	33275.0	40532.0
394	33161.0	40648.0
395	33609.0	40783.0
396	33494.0	40495.0
397	33443.0	40203.0
398	33284.0	40191.0
399	33272.0	40158.0
400	32927.0	40265.0
401	33125.0	40222.0
402	33384.0	40085.0
403	32855.0	40148.0
404	33047.0	39819.0
405	32984.0	39559.0
406	33031.0	39500.0
407	32736.0	39564.0
408	32748.0	39732.0
409	32443.0	39879.0
410	32554.0	39268.0
411	32918.0	39376.0
412	32478.0	39221.0
413	32690.0	39184.0
414	32301.0	38947.0
415	32642.0	38890.0
416	32213.0	38612.0
417	32566.0	38885.0
418	32582.0	38705.0
419	32769.0	38907.0
420	32437.0	38680.0
421	32332.0	38692.0
422	31751.0	38384.0
423	32575.0	38564.0
424	32408.0	38344.0
425	32292.0	38079.0
426	32027.0	37867.0
427	32091.0	38320.0
428	32155.0	38000.0
429	32168.0	38127.0
430	31873.0	37924.0
431	31910.0	37879.0
432	32227.0	37952.0
433	31796.0	37760.0
434	31769.0	37647.0
435	31805.0	37472.0
436	31587.0	37339.0
437	31776.0	37456.0
438	31412.0	37360.0
439	31785.0	37490.0
440	31694.0	37371.0
441	31780.0	37113.0
442	31908.0	36991.0
443	31542.0	37264.0
444	31681.0	36827.0
445	31335.0	37039.0
446	31428.0	37026.0
447	31419.0	36990.0
448	31546.0	36851.0
449	31396.0	36492.0
450	31006.0	36645.0
451	31294.0	36636.0
452	31435.0	36402.0
453	31319.0	36338.0
454	31075.0	36513.0
455	31186.0	36422.0
456	31395.0	36231.0
457	30918.0	35976.0
458	30922.0	36121.0
459	31298.0	36189.0
460	31150.0	35999.0
461	30992.0	36046.0
462	31045.0	36085.0
463	30696.0	35641.0
464	30873.0	35792.0
465	31119.0	35963.0
466	30951.0	35796.0
467	30866.0	35677.0
468	30806.0	35555.0
469	30659.0	35475.0
470	30877.0	35681.0
471	30641.0	35358.0
472	30868.0	35425.0
473	30868.0	35054.0
474	30694.0	35250.0
475	30914.0	34981.0
476	30918.0	35104.0
477	30550.0	35596.0
478	30584.0	35364.0
479	30578.0	34857.0
480	30406.0	35021.0
481	30406.0	34879.0
482	30491.0	34649.0
483	30439.0	34615.0
484	30350.0	34519.0
485	30794.0	34783.0
486	30238.0	34853.0
487	30096.0	34685.0
488	29902.0	34612.0
489	30106.0	34463.0
490	30263.0	34386.0
491	30141.0	34494.0
492	30025.0	34056.0
493	30077.0	34637.0
494	30200.0	34213.0
495	30328.0	34529.0
496	30238.0	34225.0
497	30041.0	34450.0
498	29758.0	34171.0
499	29898.0	34168.0
500	29915.0	34049.0
501	30005.0	34344.0
502	29680.0	33914.0
503	29759.0	33836.0
504	29830.0	33819.0
505	29735.0	34003.0
506	29888.0	33841.0
507	29556.0	33585.0
508	29963.0	33727.0
509	29819.0	33526.0
510	29589.0	33590.0
511	29625.0	33617.0
512	29637.0	33380.0
513	29467.0	33355.0
514	29696.0	33680.0
515	29665.0	33226.0
516	29707.0	33369.0
517	29540.0	33111.0
518	29524.0	32985.0
519	29335.0	33308.0
520	29272.0	33185.0
521	29525.0	33157.0
522	29229.0	33153.0
523	29074.0	32935.0
524	29154.0	32940.0
525	29257.0	32931.0
526	29377.0	32588.0
527	29174.0	32796.0
528	29220.0	33073.0
529	29162.0	33047.0
530	29316.0	32769.0
531	29010.0	32825.0
532	29334.0	32747.0
533	29056.0	32532.0
534	28882.0	32473.0
535	29004.0	32481.0
536	28752.0	32473.0
537	28782.0	32231.0
538	28854.0	32625.0
539	28663.0	32476.0
540	28889.0	32377.0
541	28987.0	32324.0
542	28800.0	32191.0
543	28897.0	32202.0
544	28835.0	32103.0
545	28749.0	32307.0
546	28688.0	32025.0
547	28590.0	31924.0
548	28843.0	31972.0
549	28870.0	32138.0
550	28811.0	31681.0
551	29042.0	31666.0
552	28874.0	31958.0
553	28794.0	31941.0
554	29021.0	31566.0
555	28707.0	31730.0
556	28431.0	31590.0
557	28464.0	31816.0
558	28304.0	31568.0
559	28688.0	31752.0
560	28663.0	31560.0
561	28539.0	31399.0
562	28800.0	31717.0
563	28662.0	31595.0
564	28507.0	31544.0
565	28354.0	31427.0
566	28427.0	31425.0
567	28274.0	31189.0
568	28608.0	31275.0
569	28277.0	30990.0
570	28476.0	31331.0
571	28591.0	31184.0
572	28667.0	31155.0
573	28429.0	30772.0
574	28547.0	31043.0
575	28157.0	30995.0
576	28259.0	31100.0
577	28407.0	30971.0
578	28128.0	30749.0
579	28437.0	30992.0
580	28392.0	31145.0
581	28295.0	31231.0
582	28474.0	30709.0
583	28305.0	30976.0
584	28410.0	30489.0
585	28090.0	30848.0
586	28132.0	30893.0
587	28284.0	30749.0
588	27938.0	30913.0
589	28470.0	30914.0
590	27742.0	30808.0
591	28078.0	30423.0
592	28179.0	30819.0
593	28135.0	30285.0
594	28034.0	30280.0
595	28311.0	30492.0
596	28031.0	30446.0
597	27906.0	30608.0
598	28027.0	30526.0
599	27832.0	30601.0
600	27724.0	30313.0
601	28516.0	30246.0
602	27956.0	30399.0
603	28304.0	30482.0
604	28179.0	30215.0
605	27925.0	30636.0
606	27944.0	30089.0
607	27844.0	30228.0
608	27657.0	30345.0
609	27674.0	30072.0
610	28054.0	30342.0
611	28097.0	30077.0
612	27698.0	30149.0
613	27769.0	30271.0
614	27540.0	30066.0
615	27749.0	30079.0
616	27591.0	30153.0
617	27591.0	30191.0
618	27346.0	29970.0
619	27577.0	29895.0
620	27630.0	30078.0
621	27773.0	29902.0
622	27623.0	29696.0
623	27539.0	29638.0
624	27911.0	29791.0
625	27653.0	29908.0
626	27872.0	29528.0
627	27643.0	29791.0
628	27704.0	29798.0
629	27479.0	29892.0
630	27659.0	29636.0
631	27663.0	29469.0
632	27486.0	29624.0
633	27761.0	29449.0
634	27688.0	29973.0
635	27649.0	29712.0
636	27488.0	29678.0
637	27354.0	29643.0
638	27717.0	29585.0
639	27682.0	29247.0
640	27624.0	29404.0
641	27524.0	29879.0
642	27327.0	29563.0
643	27465.0	29526.0
644	27589.0	29155.0
645	27538.0	29429.0
646	27294.0	29142.0
647	27417.0	29232.0
648	27313.0	29346.0
649	27322.0	29215.0
650	27492.0	28861.0
651	27412.0	29037.0
652	27358.0	29331.0
653	27360.0	29053.0
654	27158.0	29233.0
655	27209.0	29183.0
656	26851.0	29058.0
657	27257.0	29057.0
658	27190.0	29136.0
659	27180.0	28769.0
660	27071.0	28796.0
661	27253.0	29012.0
662	27430.0	29089.0
663	26858.0	28722.0
664	27036.0	29006.0
665	27094.0	28871.0
666	26956.0	28859.0
667	27049.0	28724.0
668	26995.0	28798.0
669	26965.0	28869.0
670	27130.0	28941.0
671	27022.0	28867.0
672	27350.0	28948.0
673	27044.0	28737.0
674	26851.0	28557.0
675	27054.0	28593.0
676	26960.0	28794.0
677	26742.0	28706.0
678	27024.0	28728.0
679	27255.0	28731.0
680	26795.0	28642.0
681	26948.0	28804.0
682	26906.0	28667.0
683	26981.0	28855.0
684	27167.0	28405.0
685	26888.0	28541.0
686	27039.0	28624.0
687	26732.0	28812.0
688	26815.0	28381.0
689	26948.0	28630.0
690	26872.0	28769.0
691	26848.0	28615.0
692	26970.0	28398.0
693	27112.0	28383.0
694	26783.0	28582.0
695	26907.0	28304.0
696	26784.0	28378.0
697	26802.0	28651.0
698	26887.0	28258.0
699	26840.0	28324.0
700	26788.0	28140.0
701	26759.0	28183.0
702	26799.0	28409.0
703	27001.0	28457.0
704	26578.0	28698.0
705	26559.0	28224.0
706	26758.0	28263.0
707	26585.0	28302.0
708	26827.0	27975.0
709	26852.0	28209.0
710	26690.0	27898.0
711	26685.0	27968.0
712	26707.0	27963.0
713	26776.0	28449.0
714	26797.0	27828.0
715	26627.0	28109.0
716	26331.0	28024.0
717	26868.0	28164.0
718	26757.0	28010.0
719	26529.0	28027.0
720	26866.0	27878.0
721	26384.0	27842.0
722	26503.0	27891.0
723	26545.0	28078.0
724	26387.0	28022.0
725	26409.0	28100.0
726	26373.0	27880.0
727	26099.0	27958.0
728	26203.0	27662.0
729	26335.0	27849.0
730	26399.0	28037.0
731	26401.0	28190.0
732	26593.0	27924.0
733	26070.0	28047.0
734	26749.0	27784.0
735	26358.0	27977.0
736	26438.0	27894.0
737	26278.0	27984.0
738	26194.0	27666.0
739	26230.0	27762.0
740	26342.0	27761.0
741	26515.0	27759.0
742	26275.0	27858.0
743	26381.0	27728.0
744	26419.0	27893.0
745	26399.0	27687.0
746	26339.0	27943.0
747	26153.0	27496.0
748	26347.0	27849.0
749	26262.0	27275.0
750	26494.0	27366.0
751	26354.0	28122.0
752	26260.0	27438.0
753	26518.0	27535.0
754	26139.0	27758.0
755	26572.0	27601.0
756	26498.0	27362.0
757	26268.0	27389.0
758	26191.0	27863.0
759	26258.0	27723.0
760	26091.0	27459.0
761	26204.0	27303.0
762	26203.0	27299.0
763	26360.0	27615.0
764	26201.0	27733.0
765	25960.0	27383.0
766	26266.0	27414.0
767	26276.0	27321.0
768	25986.0	27606.0
769	26150.0	27306.0
770	26089.0	27383.0
771	25937.0	27200.0
772	26178.0	27412.0
773	26150.0	27484.0
774	26011.0	27214.0
775	26360.0	27335.0
776	25897.0	27259.0
777	26134.0	27524.0
778	26409.0	27386.0
779	26073.0	27302.0
780	26223.0	27243.0
781	26036.0	27199.0
782	26035.0	27558.0
783	25800.0	27293.0
784	26257.0	27274.0
785	25816.0	27241.0
786	25973.0	27303.0
787	26151.0	27228.0
788	25888.0	27282.0
789	26215.0	27286.0
790	25974.0	27101.0
791	26141.0	27039.0
792	26085.0	27305.0
793	26001.0	27125.0
794	26134.0	26921.0
795	25826.0	27091.0
796	26171.0	27013.0
797	25908.0	26875.0
798	26194.0	27028.0
799	25894.0	27199.0
800	25810.0	27429.0
801	25942.0	27193.0
802	26135.0	27424.0
803	25865.0	27158.0
804	25774.0	27212.0
805	26186.0	27021.0
806	25741.0	26968.0
807	25796.0	27110.0
808	25802.0	27161.0
809	26083.0	26980.0
810	25722.0	26968.0
811	25747.0	26858.0
812	25795.0	26987.0
813	25748.0	26770.0
814	25811.0	26967.0
815	25944.0	27166.0
816	25981.0	26993.0
817	25751.0	27073.0
818	25832.0	26881.0
819	25808.0	26904.0
820	25640.0	26859.0
821	25951.0	26985.0
822	25675.0	26945.0
823	25692.0	26793.0
824	25728.0	26773.0
825	25434.0	26844.0
826	25813.0	26939.0
827	25781.0	26953.0
828	25682.0	26657.0
829	25989.0	26721.0
830	25573.0	26856.0
831	25620.0	26945.0
832	25753.0	27019.0
833	25827.0	26504.0
834	25782.0	26712.0
835	25604.0	26877.0
836	25660.0	26942.0
837	25626.0	26493.0
838	25579.0	26712.0
839	25847.0	26443.0
840	25738.0	26854.0
841	25804.0	26803.0
842	25688.0	26635.0
843	25501.0	26603.0
844	25667.0	26716.0
845	25779.0	26583.0
846	25378.0	26449.0
847	25571.0	26622.0
848	25663.0	26557.0
849	25754.0	26599.0
850	25624.0	26276.0
851	25461.0	26747.0
852	25583.0	26670.0
853	25620.0	26606.0
854	25581.0	26696.0
855	25563.0	26530.0
856	25342.0	26659.0
857	25462.0	26377.0
858	25589.0	26597.0
859	25538.0	26634.0
860	25592.0	26557.0
861	25522.0	26521.0
862	25365.0	26564.0
863	25495.0	26536.0
864	25540.0	26375.0
865	25675.0	26330.0
866	25509.0	26476.0
867	25338.0	26246.0
868	25386.0	26248.0
869	25398.0	26299.0
870	25210.0	26194.0
871	25498.0	26485.0
872	25333.0	26381.0
873	25420.0	26358.0
874	25398.0	26633.0
875	25510.0	26396.0
876	25552.0	26156.0
877	25448.0	26296.0
878	25274.0	26484.0
879	25360.0	26288.0
880	25489.0	26088.0
881	25174.0	26409.0
882	25243.0	26405.0
883	25183.0	26230.0
884	25287.0	26298.0
885	25361.0	26095.0
886	25622.0	26324.0
887	25422.0	26270.0
888	25443.0	26286.0
889	25274.0	25969.0
890	25445.0	26237.0
891	25478.0	26119.0
892	25287.0	25846.0
893	25521.0	26272.0
894	25622.0	26098.0
895	25313.0	26294.0
896	25277.0	26050.0
897	25240.0	26144.0
898	25466.0	26495.0
899	25390.0	26380.0
900	25321.0	26272.0
901	25297.0	26112.0
902	25200.0	26263.0
903	25595.0	25947.0
904	25380.0	26211.0
905	25501.0	26130.0
906	25303.0	25914.0
907	25618.0	26067.0
908	24910.0	26010.0
909	25232.0	25945.0
910	25448.0	26233.0
911	25218.0	25906.0
912	25313.0	25961.0
913	25306.0	26065.0
914	25555.0	26008.0
915	25259.0	26137.0
916	25211.0	25959.0
917	25067.0	25738.0
918	25289.0	26269.0
919	25402.0	25958.0
920	25050.0	26160.0
921	25144.0	26110.0
922	25269.0	25874.0
923	25172.0	25904.0
924	25271.0	25878.0
925	25252.0	25810.0
926	24946.0	26088.0
927	25157.0	26010.0
928	25056.0	25984.0
929	25047.0	26086.0
930	25286.0	25795.0
931	25099.0	26166.0
932	25016.0	25944.0
933	25084.0	26094.0
934	24900.0	25982.0
935	25082.0	25912.0
936	25147.0	25894.0
937	25126.0	25854.0
938	25317.0	25766.0
939	25064.0	25902.0
940	25045.0	25842.0
941	25285.0	25613.0
942	24943.0	25791.0
943	25000.0	25810.0
944	25239.0	25825.0
945	25038.0	25787.0
946	25168.0	25726.0
947	24726.0	25591.0
948	25045.0	25981.0
949	25051.0	25875.0
950	24973.0	25972.0
951	24955.0	25646.0
952	24762.0	25886.0
953	25122.0	25829.0
954	24822.0	25622.0
955	24764.0	25779.0
956	25002.0	25710.0
957	25199.0	26036.0
958	24932.0	25811.0
959	25003.0	25706.0
960	24986.0	25774.0
961	25021.0	25298.0
962	24872.0	25623.0
963	24636.0	25499.0
964	24923.0	25533.0
965	24690.0	25548.0
966	25095.0	25623.0
967	24761.0	25611.0
968	24775.0	25761.0
969	24806.0	25589.0
970	24628.0	25735.0
971	24710.0	25639.0
972	24840.0	25642.0
973	24589.0	25632.0
974	24860.0	25438.0
975	24711.0	25618.0
976	24879.0	25292.0
977	24771.0	25718.0
978	24502.0	25616.0
979	25107.0	26002.0
980	24749.0	25467.0
981	24804.0	25556.0
982	25013.0	25637.0
983	24766.0	25846.0
984	24815.0	25633.0
985	24967.0	25486.0
986	24821.0	25654.0
987	24761.0	25436.0
988	24846.0	25412.0
989	24707.0	25555.0
990	24567.0	25529.0
991	24738.0	25261.0
992	24769.0	25700.0
993	24545.0	25398.0
994	24564.0	25776.0
995	24641.0	25845.0
996	24784.0	25371.0
997	24571.0	25642.0
998	24757.0	25524.0
999	24978.0	25597.0
1000	24718.0	25670.0
1001	24682.0	25598.0
1002	24508.0	25512.0
1003	24813.0	25704.0
1004	24590.0	25288.0
1005	24566.0	25356.0
1006	24840.0	25317.0
1007	24792.0	25486.0
1008	24803.0	25424.0
1009	24489.0	25419.0
1010	24450.0	25487.0
1011	24487.0	25482.0
1012	24652.0	25098.0
1013	24678.0	25426.0
1014	24588.0	25525.0
1015	24463.0	25126.0
1016	24592.0	25498.0
1017	24799.0	25197.0
1018	24395.0	25310.0
1019	24685.0	25098.0
1020	24735.0	25412.0
1021	24606.0	25461.0
1022	24313.0	25337.0
1023	24762.0	24998.0
1024	24851.0	25263.0
1025	24417.0	25561.0
1026	24662.0	25424.0
1027	24647.0	25220.0
1028	24401.0	25376.0
1029	24570.0	25558.0
1030	24376.0	25611.0
1031	24856.0	25187.0
1032	24349.0	25500.0
1033	24322.0	25327.0
1034	24431.0	25001.0
1035	24380.0	25198.0
1036	24453.0	25074.0
1037	24511.0	25319.0
1038	24521.0	25297.0
1039	24211.0	25166.0
1040	24431.0	25330.0
1041	24335.0	25402.0
1042	24332.0	25388.0
1043	24564.0	25108.0
1044	24530.0	25123.0
1045	24382.0	25230.0
1046	24536.0	24970.0
1047	24446.0	25457.0
1048	24468.0	24980.0
1049	24235.0	25230.0
1050	24390.0	25194.0
1051	24385.0	25155.0
1052	24418.0	25297.0
1053	24292.0	25147.0
1054	24541.0	25093.0
1055	24353.0	25284.0
1056	24488.0	25047.0
1057	24257.0	25002.0
1058	24666.0	24972.0
1059	24504.0	24978.0
1060	24592.0	24980.0
1061	24360.0	25162.0
1062	24410.0	24995.0
1063	24222.0	25016.0
1064	24422.0	24974.0
1065	24100.0	24821.0
1066	24163.0	25195.0
1067	24125.0	24747.0
1068	24331.0	25028.0
1069	24421.0	24901.0
1070	24228.0	25020.0
1071	24445.0	24892.0
1072	24457.0	25204.0
1073	24084.0	24829.0
1074	24233.0	24997.0
1075	24141.0	24624.0
1076	24372.0	24882.0
1077	24263.0	24857.0
1078	24202.0	24897.0
1079	24412.0	24904.0
1080	24105.0	24903.0
1081	24305.0	24682.0
1082	24181.0	24814.0
1083	24118.0	24673.0
1084	24127.0	24821.0
1085	23880.0	24818.0
1086	23955.0	24921.0
1087	24088.0	24949.0
1088	24286.0	25106.0
1089	24211.0	24753.0
1090	24327.0	24942.0
1091	24227.0	24883.0
1092	24132.0	24780.0
1093	24112.0	24784.0
1094	24117.0	24653.0
1095	24380.0	24690.0
1096	24035.0	24855.0
1097	24221.0	24980.0
1098	24200.0	24664.0
1099	23990.0	24831.0
1100	24191.0	24867.0
1101	24250.0	24619.0
1102	24218.0	24859.0
1103	24171.0	24622.0
1104	24060.0	24540.0
1105	24017.0	24681.0
1106	24119.0	24810.0
1107	24181.0	24547.0
1108	24215.0	24582.0
1109	24096.0	24710.0
1110	23985.0	24416.0
1111	24371.0	24693.0
1112	24236.0	24834.0
1113	24198.0	24462.0
1114	23931.0	24844.0
1115	24174.0	24428.0
1116	24410.0	24538.0
1117	23852.0	24831.0
1118	24281.0	24517.0
1119	24392.0	24586.0
1120	24182.0	24649.0
1121	24209.0	24716.0
1122	24165.0	24583.0
1123	24062.0	24861.0
1124	24149.0	24378.0
1125	24056.0	24606.0
1126	24234.0	24577.0
1127	23809.0	24578.0
1128	23897.0	24523.0
1129	24045.0	24577.0
1130	24063.0	24586.0
1131	24047.0	24714.0
1132	24072.0	24321.0
1133	23907.0	24483.0
1134	24127.0	24669.0
1135	24091.0	24366.0
1136	24051.0	24340.0
1137	23808.0	24207.0
1138	23752.0	24741.0
1139	24033.0	24175.0
1140	24077.0	24662.0
1141	24003.0	24506.0
1142	23677.0	24566.0
1143	24084.0	24330.0
1144	23834.0	24051.0
1145	23924.0	24332.0
1146	23637.0	24282.0
1147	23846.0	24276.0
1148	24130.0	24505.0
1149	24142.0	24524.0
1150	24179.0	24546.0
1151	23915.0	24582.0
1152	23646.0	24089.0
1153	23813.0	24284.0
1154	23966.0	24361.0
1155	24107.0	24246.0
1156	23734.0	24258.0
1157	23938.0	24486.0
1158	23998.0	24236.0
1159	23949.0	23988.0
1160	23789.0	24539.0
1161	23756.0	24225.0
1162	23777.0	24381.0
1163	24003.0	24438.0
1164	23719.0	24539.0
1165	23864.0	24315.0
1166	23581.0	24336.0
1167	23966.0	24391.0
1168	23805.0	24359.0
1169	23987.0	24228.0
1170	23622.0	24082.0
1171	23679.0	24137.0
1172	23632.0	24351.0
1173	24099.0	24145.0
1174	23561.0	24078.0
1175	24072.0	24464.0
1176	23817.0	24433.0
1177	23980.0	24225.0
1178	23822.0	24220.0
1179	23632.0	24226.0
1180	23653.0	24357.0
1181	23802.0	23934.0
1182	24022.0	24395.0
1183	23717.0	24163.0
1184	23687.0	24076.0
1185	23950.0	24162.0
1186	23571.0	24302.0
1187	23754.0	24213.0
1188	23718.0	24207.0
1189	23714.0	23945.0
1190	23651.0	24032.0
1191	23764.0	24215.0
1192	23408.0	23972.0
1193	23661.0	23925.0
1194	23692.0	24178.0
1195	23895.0	24043.0
1196	23846.0	24151.0
1197	23554.0	24230.0
1198	23655.0	23914.0
1199	23704.0	24163.0
1200	23709.0	24137.0
1201	23967.0	24205.0
1202	23481.0	24251.0
1203	23601.0	23987.0
1204	23404.0	24313.0
1205	23967.0	24143.0
1206	23675.0	24032.0
1207	23557.0	23882.0
1208	23606.0	24136.0
1209	23640.0	23915.0
1210	23428.0	24336.0
1211	23769.0	24297.0
1212	23606.0	23783.0
1213	23545.0	24121.0
1214	23393.0	23754.0
1215	23557.0	24186.0
1216	23475.0	24057.0
1217	23485.0	24409.0
1218	23441.0	24063.0
1219	23631.0	23975.0
1220	23546.0	24179.0
1221	23454.0	23961.0
1222	23339.0	23960.0
1223	23635.0	23860.0
1224	23454.0	24077.0
1225	23422.0	23859.0
1226	23373.0	24356.0
1227	23449.0	23826.0
1228	23310.0	24020.0
1229	23498.0	24178.0
1230	23612.0	23867.0
1231	23442.0	24144.0
1232	23682.0	24242.0
1233	23604.0	24016.0
1234	23599.0	24079.0
1235	23225.0	24062.0
1236	23442.0	23758.0
1237	23441.0	24014.0
1238	23326.0	23893.0
1239	23233.0	24077.0
1240	23551.0	24094.0
1241	23541.0	24080.0
1242	23374.0	23823.0
1243	23278.0	24093.0
1244	23462.0	23708.0
1245	23420.0	23983.0
1246	23360.0	24065.0
1247	23278.0	23706.0
1248	23278.0	23618.0
1249	23201.0	23975.0
1250	23126.0	23876.0
1251	23377.0	23832.0
1252	23424.0	23571.0
1253	23406.0	23695.0
1254	23248.0	23666.0
1255	23416.0	23807.0
1256	23123.0	23935.0
1257	23236.0	23853.0
1258	23277.0	23773.0
1259	23265.0	24088.0
1260	23301.0	23646.0
1261	23136.0	23728.0
1262	23374.0	24005.0
1263	23280.0	23828.0
1264	23327.0	23727.0
1265	23373.0	23709.0
1266	23360.0	23650.0
1267	23139.0	23668.0
1268	23118.0	23719.0
1269	23089.0	23737.0
1270	23149.0	23830.0
1271	23236.0	23666.0
1272	23275.0	23709.0
1273	23079.0	23532.0
1274	23218.0	23546.0
1275	23249.0	23620.0
1276	23219.0	23428.0
1277	23270.0	23533.0
1278	23201.0	23587.0
1279	22993.0	23694.0
1280	23187.0	23634.0
1281	23318.0	23611.0
1282	23123.0	23796.0
1283	23031.0	23662.0
1284	23374.0	23412.0
1285	23190.0	23326.0
1286	22865.0	23774.0
1287	23283.0	23675.0
1288	23221.0	23482.0
1289	22954.0	23589.0
1290	22951.0	23675.0
1291	23122.0	23532.0
1292	23147.0	23377.0
1293	23400.0	23878.0
1294	22976.0	23625.0
1295	23259.0	23761.0
1296	23137.0	23585.0
1297	22973.0	23806.0
1298	22806.0	23758.0
1299	23110.0	23573.0
1300	23055.0	23893.0
1301	22943.0	23633.0
1302	23177.0	23642.0
1303	22764.0	23663.0
1304	23020.0	23328.0
1305	23043.0	23553.0
1306	23076.0	23684.0
1307	22814.0	23419.0
1308	23215.0	23581.0
1309	22753.0	23526.0
1310	23142.0	23734.0
1311	23181.0	23438.0
1312	23070.0	23625.0
1313	23215.0	23600.0
1314	23288.0	23468.0
1315	22992.0	23869.0
1316	23103.0	23523.0
1317	22854.0	23793.0
1318	22970.0	23397.0
1319	23251.0	23410.0
1320	22961.0	23440.0
1321	22999.0	23614.0
1322	22827.0	23418.0
1323	22866.0	23845.0
1324	23180.0	23573.0
1325	22975.0	23399.0
1326	23199.0	23470.0
1327	22948.0	23448.0
1328	22779.0	23823.0
1329	23086.0	23281.0
1330	22953.0	23768.0
1331	23261.0	23325.0
1332	22844.0	23583.0
1333	22897.0	23333.0
1334	23035.0	23365.0
1335	22919.0	23474.0
1336	23151.0	23605.0
1337	22678.0	23323.0
1338	23239.0	23866.0
1339	23119.0	23378.0
1340	23183.0	23392.0
1341	22917.0	23652.0
1342	22912.0	23215.0
1343	23046.0	23419.0
1344	22775.0	23475.0
1345	22896.0	23536.0
1346	22996.0	23426.0
1347	23332.0	23397.0
1348	23216.0	23179.0
1349	22838.0	23513.0
1350	22844.0	23338.0
1351	23051.0	23309.0
1352	22765.0	23395.0
1353	23049.0	23374.0
1354	23119.0	23342.0
1355	22994.0	23486.0
1356	22814.0	23307.0
1357	22735.0	23381.0
1358	22708.0	23265.0
1359	22919.0	23190.0
1360	22765.0	23066.0
1361	22906.0	23371.0
1362	22807.0	23306.0
1363	23063.0	23159.0
1364	22831.0	23364.0
1365	22934.0	23142.0
1366	22757.0	23461.0
1367	23142.0	23255.0
1368	22837.0	23020.0
1369	22784.0	23339.0
1370	23013.0	23340.0
1371	22824.0	23226.0
1372	22632.0	23206.0
1373	22875.0	22989.0
1374	22773.0	23387.0
1375	22917.0	23145.0
1376	22733.0	23205.0
1377	22982.0	23158.0
1378	22750.0	23292.0
1379	22943.0	23273.0
1380	22814.0	22854.0
1381	22965.0	23100.0
1382	22897.0	23189.0
1383	22916.0	23125.0
1384	22949.0	22953.0
1385	22645.0	23079.0
1386	22805.0	23241.0
1387	22990.0	23125.0
1388	22837.0	23253.0
1389	22909.0	23286.0
1390	22937.0	22976.0
1391	22737.0	23081.0
1392	22714.0	22885.0
1393	22679.0	23024.0
1394	22915.0	23075.0
1395	22893.0	22980.0
1396	22651.0	23160.0
1397	22900.0	22986.0
1398	22655.0	23115.0
1399	22860.0	23132.0
1400	22704.0	22942.0
1401	22790.0	23306.0
1402	22865.0	23084.0
1403	22680.0	23198.0
1404	22896.0	22995.0
1405	22771.0	22996.0
1406	22738.0	23195.0
1407	22815.0	22843.0
1408	22967.0	23167.0
1409	22779.0	23120.0
1410	22725.0	23163.0
1411	22633.0	23252.0
1412	22441.0	23017.0
1413	22815.0	22958.0
1414	22528.0	23069.0
1415	22546.0	22836.0
1416	22475.0	23152.0
1417	22693.0	23015.0
1418	22860.0	23062.0
1419	22583.0	22871.0
1420	22725.0	23118.0
1421	22665.0	23069.0
1422	22870.0	22972.0
1423	22796.0	23222.0
1424	23103.0	22746.0
1425	22574.0	23010.0
1426	22722.0	22968.0
1427	22730.0	22974.0
1428	22799.0	23096.0
1429	22798.0	23203.0
1430	22961.0	23129.0
1431	22824.0	22915.0
1432	22868.0	22875.0
1433	22493.0	22970.0
1434	22666.0	22925.0
1435	22614.0	22818.0
1436	22573.0	23111.0
1437	22656.0	22948.0
1438	22844.0	23108.0
1439	22716.0	22913.0
1440	22840.0	22839.0
1441	22783.0	22865.0
1442	22471.0	23023.0
1443	22915.0	22844.0
1444	22741.0	22902.0
1445	22498.0	22811.0
1446	22633.0	22847.0
1447	22577.0	22958.0
1448	22520.0	22751.0
1449	22855.0	22951.0
1450	22619.0	22913.0
1451	22764.0	23029.0
1452	22561.0	22863.0
1453	22642.0	22830.0
1454	22783.0	22851.0
1455	22848.0	22823.0
1456	22668.0	22966.0
1457	22948.0	23112.0
1458	22861.0	23123.0
1459	22692.0	23048.0
1460	22752.0	22990.0
1461	22519.0	22769.0
1462	22642.0	22639.0
1463	22545.0	22928.0
1464	22778.0	22977.0
1465	22749.0	23123.0
1466	22766.0	22962.0
1467	22520.0	22880.0
1468	22717.0	22807.0
1469	22667.0	22972.0
1470	22676.0	22665.0
1471	22710.0	22841.0
1472	22762.0	22861.0
1473	22360.0	23038.0
1474	22743.0	22983.0
1475	22764.0	22924.0
1476	22778.0	22834.0
1477	22574.0	22902.0
1478	22477.0	22935.0
1479	22451.0	22940.0
1480	22589.0	22998.0
1481	22587.0	22849.0
1482	22569.0	22984.0
1483	22322.0	22870.0
1484	22664.0	22949.0
1485	22614.0	22822.0
1486	22376.0	22796.0
1487	22722.0	22809.0
1488	22590.0	22865.0
1489	22711.0	22822.0
1490	22765.0	22848.0
1491	22358.0	22790.0
1492	22736.0	23016.0
1493	22407.0	22800.0
1494	22192.0	22784.0
1495	22643.0	22691.0
1496	22705.0	22960.0
1497	22157.0	23080.0
1498	22826.0	22879.0
1499	22681.0	22895.0
1500	22696.0	22918.0
1501	22458.0	22822.0
1502	22480.0	22768.0
1503	22681.0	23022.0
1504	22509.0	22910.0
1505	22633.0	22871.0
1506	22806.0	22933.0
1507	22862.0	22885.0
1508	22299.0	23027.0
1509	22479.0	22993.0
1510	22474.0	22754.0
1511	22870.0	22889.0
1512	22595.0	22826.0
1513	22592.0	22870.0
1514	22636.0	22690.0
1515	22509.0	22863.0
1516	22430.0	22793.0
1517	22510.0	22739.0
1518	22736.0	22693.0
1519	22683.0	22878.0
1520	22668.0	22831.0
1521	22661.0	22677.0
1522	22393.0	23000.0
1523	22833.0	22963.0
1524	22636.0	23005.0
1525	22783.0	22732.0
1526	22400.0	22872.0
1527	22528.0	23087.0
1528	22511.0	22851.0
1529	22505.0	22866.0
1530	22564.0	23119.0
1531	22332.0	22907.0
1532	22485.0	22903.0
1533	22562.0	22635.0
1534	22540.0	22984.0
1535	22711.0	23075.0
1536	22431.0	22541.0
1537	22576.0	23015.0
1538	22267.0	22720.0
1539	22784.0	22771.0
1540	22245.0	22732.0
1541	22845.0	22778.0
1542	22560.0	22969.0
1543	22406.0	22596.0
1544	22687.0	22796.0
1545	22557.0	23083.0
1546	22442.0	22720.0
1547	22505.0	22809.0
1548	22724.0	22991.0
1549	22665.0	22705.0
1550	22456.0	22821.0
1551	22529.0	22572.0
1552	22305.0	22743.0
1553	22426.0	22858.0
1554	22502.0	22749.0
1555	22377.0	22859.0
1556	22452.0	22644.0
1557	22709.0	22984.0
1558	22247.0	22755.0
1559	22506.0	22663.0
1560	22422.0	22780.0
1561	22732.0	22514.0
1562	22525.0	22865.0
1563	22550.0	22616.0
1564	22625.0	22487.0
1565	22627.0	22750.0
1566	22404.0	22722.0
1567	22316.0	22410.0
1568	22760.0	22550.0
1569	22298.0	22946.0
1570	22502.0	22923.0
1571	22452.0	22766.0
1572	22772.0	22844.0
1573	22739.0	22799.0
1574	22515.0	22696.0
1575	22326.0	22623.0
1576	22349.0	22639.0
1577	22586.0	22791.0
1578	22567.0	22587.0
1579	22607.0	22626.0
1580	22255.0	22506.0
1581	22416.0	22684.0
1582	22122.0	22702.0
1583	22395.0	22469.0
1584	22582.0	22621.0
1585	22217.0	22739.0
1586	22758.0	22749.0
1587	22381.0	22837.0
1588	22419.0	22638.0
1589	22673.0	22516.0
1590	22387.0	22735.0
1591	22480.0	22325.0
1592	22538.0	22380.0
1593	22536.0	22686.0
1594	22365.0	22586.0
1595	22629.0	22577.0
1596	22316.0	22765.0
1597	22452.0	22596.0
1598	22656.0	22779.0
1599	22356.0	22651.0
1600	22606.0	22603.0
1601	22522.0	22646.0
1602	22362.0	22820.0
1603	22403.0	22919.0
1604	22479.0	22523.0
1605	22530.0	22483.0
1606	22902.0	22507.0
1607	22495.0	23013.0
1608	22609.0	22435.0
1609	22412.0	22453.0
1610	22402.0	22643.0
1611	22716.0	22444.0
1612	22289.0	22766.0
1613	22407.0	22463.0
1614	22627.0	22536.0
1615	22639.0	22560.0
1616	22117.0	22584.0
1617	22126.0	22558.0
1618	22344.0	22521.0
1619	22486.0	22388.0
1620	22484.0	22596.0
1621	22306.0	22692.0
1622	22628.0	22599.0
1623	22527.0	22624.0
1624	22279.0	22694.0
1625	22482.0	22822.0
1626	22363.0	22546.0
1627	22411.0	22742.0
1628	22508.0	22671.0
1629	22404.0	22505.0
1630	22332.0	22535.0
1631	22532.0	22727.0
1632	22573.0	22469.0
1633	22664.0	22949.0
1634	22356.0	22823.0
1635	22130.0	22720.0
1636	22408.0	22499.0
1637	22361.0	22525.0
1638	22373.0	22640.0
1639	22666.0	22705.0
1640	22241.0	22575.0
1641	22308.0	22479.0
1642	22170.0	22517.0
1643	22280.0	22353.0
1644	22321.0	22500.0
1645	22370.0	22835.0
1646	22221.0	22710.0
1647	22479.0	22519.0
1648	22414.0	22493.0
1649	22434.0	22454.0
1650	22365.0	22687.0
1651	22443.0	22512.0
1652	22408.0	22473.0
1653	22211.0	22498.0
1654	22101.0	22618.0
1655	22364.0	22448.0
1656	22280.0	22780.0
1657	22346.0	22665.0
1658	22504.0	22639.0
1659	22213.0	22357.0
1660	22379.0	22496.0
1661	22169.0	22682.0
1662	22132.0	22459.0
1663	22350.0	22684.0
1664	22286.0	22460.0
1665	22286.0	22620.0
1666	22365.0	22738.0
1667	22239.0	22761.0
1668	22471.0	22441.0
1669	22246.0	22513.0
1670	22489.0	22440.0
1671	22197.0	22558.0
1672	22228.0	22408.0
1673	22173.0	22508.0
1674	22285.0	22371.0
1675	22125.0	22675.0
1676	22249.0	22431.0
1677	22463.0	22338.0
1678	22184.0	22606.0
1679	22457.0	22369.0
1680	21843.0	22616.0
1681	22379.0	22479.0
1682	22203.0	22223.0
1683	22386.0	22498.0
1684	22016.0	22389.0
1685	22083.0	21921.0
1686	22262.0	22291.0
1687	22240.0	22665.0
1688	22245.0	22264.0
1689	22212.0	22275.0
1690	22097.0	22347.0
1691	22148.0	22365.0
1692	22159.0	22514.0
1693	22323.0	22367.0
1694	22268.0	22163.0
1695	22154.0	22383.0
1696	22269.0	22409.0
1697	22124.0	22633.0
1698	22257.0	22526.0
1699	22365.0	22381.0
1700	22318.0	22557.0
1701	22028.0	22809.0
1702	22256.0	22603.0
1703	22191.0	22117.0
1704	22174.0	22198.0
1705	22057.0	22510.0
1706	22409.0	22391.0
1707	22263.0	22290.0
1708	22291.0	22367.0
1709	22211.0	22499.0
1710	22115.0	22298.0
1711	22425.0	22771.0
1712	22103.0	22226.0
1713	22126.0	22312.0
1714	22178.0	22690.0
1715	22134.0	22536.0
1716	22144.0	22251.0
1717	22174.0	22425.0
1718	22182.0	22427.0
1719	22362.0	22257.0
1720	21931.0	22338.0
1721	22444.0	22227.0
1722	22389.0	22325.0
1723	22182.0	22366.0
1724	22144.0	22368.0
1725	22208.0	22040.0
1726	22232.0	22482.0
1727	22319.0	22476.0
1728	22188.0	22327.0
1729	22426.0	22525.0
1730	22269.0	22044.0
1731	22091.0	22553.0
1732	22145.0	22315.0
1733	22277.0	22425.0
1734	22099.0	22339.0
1735	21847.0	22415.0
1736	21864.0	22548.0
1737	22279.0	22284.0
1738	22301.0	22324.0
1739	22254.0	22386.0
1740	22075.0	22262.0
1741	22072.0	22383.0
1742	21934.0	22345.0
1743	22226.0	22273.0
1744	21948.0	22271.0
1745	22227.0	22202.0
1746	22123.0	22636.0
1747	22040.0	22578.0
1748	22294.0	22581.0
1749	22127.0	22150.0
1750	22288.0	22156.0
1751	22107.0	22221.0
1752	22043.0	22148.0
1753	22053.0	22346.0
1754	21802.0	22218.0
1755	22074.0	22574.0
1756	22178.0	22311.0
1757	21987.0	22303.0
1758	22069.0	22459.0
1759	22356.0	22288.0
1760	21984.0	22278.0
1761	22113.0	22362.0
1762	22093.0	22431.0
1763	22065.0	22092.0
1764	21906.0	22223.0
1765	21968.0	22560.0
1766	22084.0	22266.0
1767	21859.0	22407.0
1768	22316.0	22316.0
1769	22189.0	22181.0
1770	22114.0	22177.0
1771	22065.0	22060.0
1772	22035.0	22096.0
1773	22041.0	21918.0
1774	22198.0	22133.0
1775	22060.0	22281.0
1776	21998.0	22109.0
1777	21903.0	22059.0
1778	22131.0	22191.0
1779	22019.0	22558.0
1780	22002.0	22469.0
1781	22013.0	22236.0
1782	21921.0	22178.0
1783	21998.0	22545.0
1784	22121.0	22228.0
1785	22088.0	22137.0
1786	22040.0	22212.0
1787	21730.0	22067.0
1788	21739.0	22451.0
1789	22250.0	22229.0
1790	21920.0	22310.0
1791	21703.0	22411.0
1792	22081.0	22341.0
1793	22047.0	22264.0
1794	22144.0	22145.0
1795	22075.0	22446.0
1796	22245.0	22450.0
1797	22173.0	22255.0
1798	22172.0	22352.0
1799	22193.0	22202.0
1800	22009.0	22452.0
1801	21881.0	22082.0
1802	22022.0	22458.0
1803	21806.0	22050.0
1804	22153.0	21995.0
1805	22100.0	22082.0
1806	21868.0	22282.0
1807	21969.0	22128.0
1808	22069.0	21970.0
1809	22044.0	22097.0
1810	22152.0	22101.0
1811	22414.0	22171.0
1812	22100.0	22192.0
1813	22162.0	22065.0
1814	22305.0	22208.0
1815	22136.0	22120.0
1816	21871.0	22426.0
1817	22078.0	22254.0
1818	22048.0	22211.0
1819	22072.0	22286.0
1820	22041.0	22060.0
1821	21987.0	22185.0
1822	21949.0	21924.0
1823	21754.0	22051.0
1824	22131.0	22184.0
1825	21827.0	22143.0
1826	21977.0	22094.0
1827	22145.0	22214.0
1828	22186.0	22411.0
1829	22020.0	22056.0
1830	21914.0	22173.0
1831	21765.0	22196.0
1832	22002.0	22448.0
1833	21851.0	22532.0
1834	22046.0	22135.0
1835	22086.0	22589.0
1836	21922.0	22284.0
1837	21980.0	22410.0
1838	21867.0	22334.0
1839	21840.0	22124.0
1840	21928.0	22212.0
1841	21867.0	22079.0
1842	22307.0	22264.0
1843	22023.0	22383.0
1844	22151.0	22060.0
1845	21952.0	22252.0
1846	21892.0	22129.0
1847	22204.0	21890.0
1848	21947.0	22016.0
1849	22339.0	22174.0
1850	21978.0	22517.0
1851	21937.0	22311.0
1852	22016.0	22187.0
1853	21851.0	22014.0
1854	22107.0	22176.0
1855	21943.0	22121.0
1856	22224.0	22037.0
1857	21996.0	22123.0
1858	22275.0	21864.0
1859	22294.0	22056.0
1860	21781.0	22508.0
1861	21944.0	22076.0
1862	22026.0	22313.0
1863	21903.0	22058.0
1864	21923.0	22015.0
1865	22114.0	22291.0
1866	21834.0	22063.0
1867	21973.0	22138.0
1868	21740.0	22146.0
1869	21928.0	22084.0
1870	22036.0	22319.0
1871	21850.0	22080.0
1872	21743.0	22241.0
1873	22043.0	22132.0
1874	21702.0	22051.0
1875	21751.0	22056.0
1876	21935.0	22109.0
1877	21763.0	22118.0
1878	22039.0	22093.0
1879	22029.0	22078.0
1880	21858.0	22172.0
1881	21839.0	22062.0
1882	21870.0	21889.0
1883	21842.0	22125.0
1884	21778.0	22275.0
1885	21738.0	21974.0
1886	22067.0	22120.0
1887	22112.0	22157.0
1888	21894.0	22219.0
1889	21521.0	22358.0
1890	21522.0	22213.0
1891	21916.0	22107.0
1892	21903.0	22144.0
1893	21923.0	22022.0
1894	22183.0	22342.0
1895	21699.0	22190.0
1896	22172.0	22100.0
1897	21688.0	21921.0
1898	21862.0	22393.0
1899	21971.0	22140.0
1900	21950.0	21841.0
1901	21670.0	22079.0
1902	21901.0	22046.0
1903	21820.0	22052.0
1904	21801.0	21986.0
1905	22083.0	22227.0
1906	21765.0	21942.0
1907	21808.0	22093.0
1908	21715.0	22056.0
1909	22128.0	21910.0
1910	21622.0	21952.0
1911	21800.0	22061.0
1912	21756.0	21986.0
1913	21839.0	21808.0
1914	21819.0	21737.0
1915	21733.0	22189.0
1916	21541.0	21879.0
1917	21685.0	21938.0
1918	21709.0	21838.0
1919	21826.0	21749.0
1920	21880.0	22103.0
1921	21799.0	21961.0
1922	21557.0	21785.0
1923	21837.0	21727.0
1924	21842.0	21690.0
1925	22005.0	21631.0
1926	21240.0	22005.0
1927	21679.0	21998.0
1928	22035.0	21884.0
1929	22018.0	22097.0
1930	21630.0	21970.0
1931	21685.0	21964.0
1932	21812.0	22095.0
1933	21806.0	21663.0
1934	21709.0	21984.0
1935	21682.0	21934.0
1936	21737.0	22003.0
1937	21970.0	21867.0
1938	21769.0	21820.0
1939	21729.0	21991.0
1940	21454.0	22087.0
1941	21931.0	22193.0
1942	21701.0	21971.0
1943	21815.0	22053.0
1944	21525.0	22034.0
1945	21629.0	21898.0
1946	21610.0	22076.0
1947	21696.0	21783.0
1948	21773.0	21701.0
1949	21758.0	22100.0
1950	21645.0	21908.0
1951	21695.0	22033.0
1952	21875.0	21874.0
1953	21742.0	21963.0
1954	21468.0	21913.0
1955	21510.0	22171.0
1956	21581.0	21804.0
1957	21741.0	21931.0
1958	21706.0	21851.0
1959	21757.0	21820.0
1960	21665.0	21877.0
1961	21575.0	21915.0
1962	21638.0	22157.0
1963	21780.0	21815.0
1964	21595.0	21981.0
1965	21669.0	22069.0
1966	21545.0	22001.0
1967	21801.0	22065.0
1968	21746.0	21711.0
1969	21780.0	21867.0
1970	21551.0	21688.0
1971	21589.0	22185.0
1972	21950.0	21965.0
1973	21674.0	21914.0
1974	21834.0	21832.0
1975	21742.0	21945.0
1976	21563.0	21957.0
1977	21814.0	22018.0
1978	21695.0	21913.0
1979	21596.0	21877.0
1980	21847.0	21624.0
1981	21741.0	21916.0
1982	21574.0	21900.0
1983	21582.0	21725.0
1984	21485.0	21918.0
1985	21848.0	21914.0
1986	21846.0	22008.0
1987	21829.0	21921.0
1988	21917.0	22026.0
1989	21830.0	21969.0
1990	21588.0	22078.0
1991	21742.0	21700.0
1992	21448.0	21739.0
1993	21707.0	21855.0
1994	21529.0	21682.0
1995	21667.0	21732.0
1996	21535.0	21860.0
1997	21747.0	21637.0
1998	21612.0	21981.0
1999	21787.0	21851.0
