Distance in bp(Fragment Length Estimate: 62)(Peak Width Estimate: 141)	Same Strand (+ for Watson strand, - for Crick)	Opposite Strand
-2000	16778.0	16765.0
-1999	16813.0	17031.0
-1998	16844.0	16402.0
-1997	16877.0	16649.0
-1996	16932.0	16783.0
-1995	16792.0	16595.0
-1994	16956.0	16534.0
-1993	16783.0	16757.0
-1992	16618.0	16960.0
-1991	16847.0	16958.0
-1990	16648.0	16699.0
-1989	16898.0	16481.0
-1988	16782.0	16556.0
-1987	16670.0	16652.0
-1986	16660.0	16623.0
-1985	16699.0	16584.0
-1984	16784.0	16605.0
-1983	16856.0	16817.0
-1982	16758.0	16569.0
-1981	16826.0	16778.0
-1980	16776.0	16481.0
-1979	16739.0	16685.0
-1978	16818.0	16710.0
-1977	16582.0	16779.0
-1976	16755.0	16874.0
-1975	16774.0	16527.0
-1974	16666.0	16597.0
-1973	16731.0	16667.0
-1972	16868.0	16639.0
-1971	16919.0	16366.0
-1970	16743.0	16549.0
-1969	16932.0	16625.0
-1968	16843.0	16824.0
-1967	16967.0	16649.0
-1966	16910.0	16734.0
-1965	16898.0	16674.0
-1964	16812.0	16722.0
-1963	16868.0	16585.0
-1962	16905.0	16670.0
-1961	16906.0	16789.0
-1960	16854.0	16905.0
-1959	16874.0	16706.0
-1958	16594.0	16669.0
-1957	16816.0	16729.0
-1956	16952.0	16569.0
-1955	17001.0	16979.0
-1954	17167.0	16849.0
-1953	16853.0	16638.0
-1952	16618.0	16798.0
-1951	16990.0	16805.0
-1950	16726.0	16904.0
-1949	17043.0	16323.0
-1948	16586.0	16709.0
-1947	16886.0	16759.0
-1946	16885.0	17045.0
-1945	16827.0	16632.0
-1944	16787.0	16804.0
-1943	16722.0	16497.0
-1942	16879.0	16778.0
-1941	17069.0	16723.0
-1940	16899.0	16940.0
-1939	16885.0	16762.0
-1938	16773.0	16801.0
-1937	16849.0	16729.0
-1936	17043.0	16776.0
-1935	16786.0	16651.0
-1934	16695.0	16826.0
-1933	16766.0	16789.0
-1932	16889.0	16592.0
-1931	17078.0	16840.0
-1930	16774.0	16693.0
-1929	16882.0	16883.0
-1928	16856.0	16567.0
-1927	16545.0	16761.0
-1926	16960.0	16671.0
-1925	16727.0	16750.0
-1924	16862.0	16401.0
-1923	16804.0	16858.0
-1922	16842.0	16519.0
-1921	16693.0	16901.0
-1920	16928.0	16786.0
-1919	16789.0	16696.0
-1918	16993.0	16558.0
-1917	16688.0	16772.0
-1916	16708.0	16624.0
-1915	16943.0	16625.0
-1914	16759.0	16499.0
-1913	16931.0	16659.0
-1912	16918.0	16775.0
-1911	16924.0	16837.0
-1910	16937.0	16764.0
-1909	17093.0	16741.0
-1908	16965.0	16806.0
-1907	16760.0	16625.0
-1906	16632.0	16762.0
-1905	16919.0	16510.0
-1904	17017.0	16616.0
-1903	17007.0	16810.0
-1902	16838.0	16669.0
-1901	16710.0	16812.0
-1900	16759.0	16673.0
-1899	16976.0	16628.0
-1898	16812.0	16866.0
-1897	16723.0	17123.0
-1896	17000.0	16841.0
-1895	16873.0	16724.0
-1894	16714.0	16760.0
-1893	16684.0	16691.0
-1892	16803.0	16606.0
-1891	16921.0	16804.0
-1890	16972.0	16709.0
-1889	16981.0	16833.0
-1888	16905.0	16984.0
-1887	16782.0	16823.0
-1886	16728.0	16831.0
-1885	16819.0	16636.0
-1884	17012.0	17017.0
-1883	16843.0	16658.0
-1882	16981.0	16791.0
-1881	16611.0	16878.0
-1880	16777.0	16940.0
-1879	16793.0	17159.0
-1878	16919.0	16821.0
-1877	16675.0	16700.0
-1876	16852.0	16740.0
-1875	16969.0	16890.0
-1874	17105.0	16785.0
-1873	16839.0	16676.0
-1872	17060.0	16802.0
-1871	16935.0	16614.0
-1870	17026.0	16613.0
-1869	16921.0	16656.0
-1868	17013.0	16871.0
-1867	16827.0	16655.0
-1866	17065.0	16901.0
-1865	16952.0	16653.0
-1864	16981.0	16856.0
-1863	17049.0	16734.0
-1862	16930.0	16904.0
-1861	16880.0	16969.0
-1860	16877.0	16713.0
-1859	16654.0	16638.0
-1858	16581.0	16814.0
-1857	16942.0	16736.0
-1856	16946.0	17030.0
-1855	16804.0	16766.0
-1854	16896.0	16663.0
-1853	16715.0	16847.0
-1852	16868.0	16806.0
-1851	16797.0	16944.0
-1850	17048.0	16805.0
-1849	16685.0	16910.0
-1848	16968.0	16772.0
-1847	16868.0	16665.0
-1846	16970.0	16736.0
-1845	17027.0	16933.0
-1844	17052.0	16834.0
-1843	16950.0	16732.0
-1842	16842.0	16796.0
-1841	16918.0	16942.0
-1840	16916.0	16974.0
-1839	17031.0	16637.0
-1838	16838.0	16845.0
-1837	16922.0	16820.0
-1836	17231.0	16740.0
-1835	17324.0	16864.0
-1834	17025.0	16864.0
-1833	16921.0	17051.0
-1832	16822.0	16857.0
-1831	16902.0	16802.0
-1830	17093.0	16749.0
-1829	16765.0	16792.0
-1828	16940.0	16623.0
-1827	16795.0	16785.0
-1826	16949.0	16698.0
-1825	17117.0	16629.0
-1824	16924.0	16893.0
-1823	16953.0	16976.0
-1822	17012.0	16847.0
-1821	16836.0	16636.0
-1820	17088.0	16573.0
-1819	17109.0	16886.0
-1818	16792.0	16793.0
-1817	16946.0	16884.0
-1816	17022.0	16751.0
-1815	17014.0	16870.0
-1814	16935.0	16773.0
-1813	16879.0	16997.0
-1812	16843.0	16755.0
-1811	16754.0	16491.0
-1810	16779.0	16943.0
-1809	16981.0	16951.0
-1808	17036.0	16694.0
-1807	16754.0	16893.0
-1806	17064.0	16908.0
-1805	16958.0	16789.0
-1804	17119.0	16711.0
-1803	16955.0	16940.0
-1802	16833.0	16795.0
-1801	16870.0	16714.0
-1800	16975.0	16759.0
-1799	17009.0	16711.0
-1798	17133.0	16967.0
-1797	16972.0	16921.0
-1796	16869.0	16791.0
-1795	17054.0	16829.0
-1794	16917.0	16778.0
-1793	16773.0	16788.0
-1792	16868.0	16876.0
-1791	16949.0	16879.0
-1790	16927.0	16784.0
-1789	16934.0	17004.0
-1788	16938.0	16863.0
-1787	16891.0	16631.0
-1786	16701.0	16805.0
-1785	16895.0	16813.0
-1784	16888.0	16807.0
-1783	17053.0	16665.0
-1782	16963.0	16696.0
-1781	16989.0	16898.0
-1780	16922.0	16707.0
-1779	16855.0	16666.0
-1778	17081.0	16928.0
-1777	16815.0	16723.0
-1776	16883.0	16828.0
-1775	17011.0	16879.0
-1774	16729.0	16714.0
-1773	16966.0	16823.0
-1772	17022.0	16728.0
-1771	17241.0	16931.0
-1770	16784.0	16996.0
-1769	16804.0	16803.0
-1768	16968.0	16982.0
-1767	17000.0	16844.0
-1766	17036.0	16802.0
-1765	16962.0	16507.0
-1764	16668.0	16985.0
-1763	16958.0	16752.0
-1762	17016.0	16994.0
-1761	17034.0	16717.0
-1760	17085.0	16830.0
-1759	17059.0	16748.0
-1758	16861.0	16930.0
-1757	16925.0	16780.0
-1756	16999.0	17002.0
-1755	16826.0	16746.0
-1754	16992.0	16835.0
-1753	17080.0	16860.0
-1752	17076.0	16824.0
-1751	16948.0	16538.0
-1750	16993.0	16954.0
-1749	17154.0	17004.0
-1748	16790.0	16870.0
-1747	16856.0	16781.0
-1746	16944.0	16753.0
-1745	16900.0	16823.0
-1744	16880.0	16804.0
-1743	17284.0	16704.0
-1742	16918.0	16783.0
-1741	16810.0	16885.0
-1740	16997.0	17042.0
-1739	16870.0	16546.0
-1738	17117.0	16983.0
-1737	17113.0	16822.0
-1736	17275.0	16908.0
-1735	16982.0	16854.0
-1734	16791.0	16814.0
-1733	16988.0	17014.0
-1732	16865.0	16707.0
-1731	16856.0	16949.0
-1730	17197.0	17062.0
-1729	16830.0	16766.0
-1728	16885.0	16680.0
-1727	17047.0	16940.0
-1726	17020.0	16969.0
-1725	16833.0	17109.0
-1724	16939.0	16810.0
-1723	17081.0	16814.0
-1722	16806.0	16953.0
-1721	16822.0	16973.0
-1720	16878.0	17066.0
-1719	16922.0	16956.0
-1718	16985.0	16926.0
-1717	17184.0	16877.0
-1716	16891.0	16874.0
-1715	17098.0	16751.0
-1714	17015.0	16792.0
-1713	16904.0	16839.0
-1712	17014.0	16874.0
-1711	16842.0	16935.0
-1710	17049.0	16981.0
-1709	17060.0	16735.0
-1708	17073.0	17030.0
-1707	16942.0	16817.0
-1706	17036.0	16755.0
-1705	16972.0	16957.0
-1704	17051.0	16801.0
-1703	17016.0	16682.0
-1702	16828.0	16758.0
-1701	17197.0	16867.0
-1700	17035.0	17015.0
-1699	16799.0	16778.0
-1698	17179.0	16999.0
-1697	17079.0	16875.0
-1696	16805.0	16840.0
-1695	17051.0	16964.0
-1694	17106.0	16865.0
-1693	16960.0	16817.0
-1692	16875.0	16736.0
-1691	17058.0	16909.0
-1690	17084.0	16782.0
-1689	16974.0	16636.0
-1688	16808.0	16705.0
-1687	16942.0	16806.0
-1686	17254.0	16913.0
-1685	16886.0	16994.0
-1684	17224.0	16847.0
-1683	17005.0	16737.0
-1682	17029.0	16820.0
-1681	16905.0	16901.0
-1680	17118.0	16643.0
-1679	17179.0	16953.0
-1678	16815.0	16711.0
-1677	16853.0	16922.0
-1676	17080.0	16779.0
-1675	16778.0	16853.0
-1674	17100.0	16744.0
-1673	17091.0	17049.0
-1672	17299.0	16934.0
-1671	17088.0	16986.0
-1670	16899.0	16961.0
-1669	17112.0	17050.0
-1668	16821.0	16912.0
-1667	17128.0	16891.0
-1666	16891.0	16704.0
-1665	17215.0	16906.0
-1664	16943.0	16987.0
-1663	16799.0	16870.0
-1662	16912.0	16712.0
-1661	16946.0	16693.0
-1660	16965.0	16853.0
-1659	17183.0	16930.0
-1658	17062.0	16865.0
-1657	16900.0	16811.0
-1656	16981.0	16957.0
-1655	17002.0	16931.0
-1654	16940.0	16940.0
-1653	17098.0	17001.0
-1652	16968.0	17122.0
-1651	16917.0	16942.0
-1650	16905.0	16756.0
-1649	16913.0	16833.0
-1648	16927.0	16899.0
-1647	16978.0	16755.0
-1646	16922.0	16996.0
-1645	17233.0	16957.0
-1644	17035.0	16695.0
-1643	16838.0	16705.0
-1642	17339.0	16682.0
-1641	16889.0	16849.0
-1640	16963.0	16942.0
-1639	16909.0	16903.0
-1638	17291.0	16813.0
-1637	16882.0	16830.0
-1636	16796.0	16829.0
-1635	16871.0	16919.0
-1634	16982.0	17071.0
-1633	16981.0	17043.0
-1632	17069.0	16905.0
-1631	17156.0	16947.0
-1630	16993.0	16914.0
-1629	17002.0	17191.0
-1628	16984.0	16952.0
-1627	16863.0	17022.0
-1626	16985.0	17039.0
-1625	17014.0	16892.0
-1624	17030.0	16907.0
-1623	17014.0	17006.0
-1622	16853.0	17114.0
-1621	17078.0	17044.0
-1620	17313.0	16811.0
-1619	17358.0	17092.0
-1618	17073.0	16728.0
-1617	17295.0	17065.0
-1616	17009.0	16808.0
-1615	17153.0	16928.0
-1614	17101.0	16901.0
-1613	16874.0	17185.0
-1612	16719.0	17032.0
-1611	16987.0	17026.0
-1610	16977.0	16936.0
-1609	16999.0	17066.0
-1608	16980.0	17047.0
-1607	17284.0	16889.0
-1606	16935.0	16933.0
-1605	17070.0	16904.0
-1604	16944.0	17074.0
-1603	16931.0	17031.0
-1602	16942.0	17056.0
-1601	17001.0	16956.0
-1600	17094.0	16824.0
-1599	16967.0	16868.0
-1598	17013.0	16922.0
-1597	17171.0	17145.0
-1596	17354.0	17334.0
-1595	16972.0	16894.0
-1594	16994.0	16793.0
-1593	17068.0	17051.0
-1592	17158.0	16960.0
-1591	17038.0	16984.0
-1590	17044.0	17062.0
-1589	17111.0	16990.0
-1588	16984.0	16902.0
-1587	16845.0	16929.0
-1586	16977.0	16999.0
-1585	17021.0	16918.0
-1584	17092.0	17077.0
-1583	17333.0	16646.0
-1582	17099.0	16904.0
-1581	16960.0	16924.0
-1580	17245.0	17141.0
-1579	17192.0	16940.0
-1578	17032.0	17030.0
-1577	17004.0	16801.0
-1576	16868.0	17000.0
-1575	17018.0	17182.0
-1574	17134.0	17069.0
-1573	16991.0	17173.0
-1572	16898.0	16911.0
-1571	16794.0	16911.0
-1570	17324.0	17032.0
-1569	17052.0	16981.0
-1568	17062.0	17172.0
-1567	16955.0	16838.0
-1566	17127.0	17119.0
-1565	17272.0	17118.0
-1564	17391.0	17029.0
-1563	17091.0	16991.0
-1562	17130.0	16850.0
-1561	17109.0	17064.0
-1560	17044.0	16797.0
-1559	17273.0	17165.0
-1558	17339.0	16926.0
-1557	17265.0	16729.0
-1556	17023.0	17080.0
-1555	17225.0	16974.0
-1554	16841.0	16794.0
-1553	17110.0	17212.0
-1552	16881.0	17161.0
-1551	17287.0	17063.0
-1550	17160.0	17239.0
-1549	16973.0	17097.0
-1548	17085.0	16709.0
-1547	16962.0	16878.0
-1546	17160.0	17057.0
-1545	17253.0	17213.0
-1544	17239.0	16964.0
-1543	16911.0	17037.0
-1542	17125.0	17039.0
-1541	17030.0	17120.0
-1540	17153.0	17099.0
-1539	17200.0	17145.0
-1538	17198.0	17319.0
-1537	16829.0	17041.0
-1536	17138.0	17112.0
-1535	16927.0	17156.0
-1534	17173.0	17090.0
-1533	17106.0	16934.0
-1532	17060.0	17036.0
-1531	17149.0	16973.0
-1530	17198.0	16908.0
-1529	16969.0	16934.0
-1528	16888.0	16845.0
-1527	16988.0	16848.0
-1526	17008.0	17115.0
-1525	17221.0	16980.0
-1524	17218.0	17011.0
-1523	17389.0	17201.0
-1522	17194.0	16566.0
-1521	17116.0	17066.0
-1520	17456.0	17179.0
-1519	16916.0	17102.0
-1518	17039.0	17144.0
-1517	17287.0	17004.0
-1516	17257.0	16893.0
-1515	17292.0	17189.0
-1514	17137.0	17131.0
-1513	17441.0	16985.0
-1512	17125.0	17053.0
-1511	17030.0	16922.0
-1510	17231.0	16960.0
-1509	17297.0	16906.0
-1508	17249.0	17207.0
-1507	17370.0	16935.0
-1506	17143.0	17067.0
-1505	17286.0	16988.0
-1504	17190.0	17017.0
-1503	17219.0	17100.0
-1502	17247.0	17186.0
-1501	17296.0	17140.0
-1500	17142.0	16861.0
-1499	17148.0	17180.0
-1498	17177.0	16989.0
-1497	17201.0	16939.0
-1496	17328.0	16887.0
-1495	17114.0	16878.0
-1494	17081.0	16934.0
-1493	17207.0	17156.0
-1492	17218.0	16972.0
-1491	17024.0	16986.0
-1490	17180.0	17215.0
-1489	17153.0	16846.0
-1488	17413.0	17126.0
-1487	17425.0	16833.0
-1486	17166.0	17216.0
-1485	17175.0	17280.0
-1484	17354.0	16794.0
-1483	17208.0	16832.0
-1482	16940.0	17166.0
-1481	17007.0	16748.0
-1480	17409.0	16844.0
-1479	17634.0	16897.0
-1478	17293.0	17061.0
-1477	17174.0	17284.0
-1476	17079.0	17207.0
-1475	17080.0	17041.0
-1474	17185.0	16854.0
-1473	17184.0	17023.0
-1472	17044.0	17060.0
-1471	17089.0	17306.0
-1470	17284.0	17120.0
-1469	17082.0	17074.0
-1468	17216.0	17018.0
-1467	17168.0	16962.0
-1466	17032.0	16998.0
-1465	17033.0	17137.0
-1464	17198.0	17032.0
-1463	17282.0	17004.0
-1462	17431.0	17137.0
-1461	17428.0	16843.0
-1460	17268.0	16877.0
-1459	17197.0	17110.0
-1458	17242.0	17181.0
-1457	17068.0	17256.0
-1456	17415.0	17152.0
-1455	17276.0	17061.0
-1454	17284.0	17159.0
-1453	17399.0	17176.0
-1452	17126.0	17112.0
-1451	17095.0	17041.0
-1450	17468.0	17414.0
-1449	17389.0	17162.0
-1448	17125.0	16988.0
-1447	17317.0	17034.0
-1446	17179.0	17064.0
-1445	17252.0	17160.0
-1444	17128.0	16998.0
-1443	17200.0	17009.0
-1442	17325.0	17040.0
-1441	17350.0	17105.0
-1440	17100.0	17125.0
-1439	17265.0	17171.0
-1438	17296.0	17050.0
-1437	17360.0	17060.0
-1436	17487.0	17096.0
-1435	17469.0	16849.0
-1434	16944.0	16789.0
-1433	17383.0	17088.0
-1432	17298.0	17335.0
-1431	17676.0	17146.0
-1430	17283.0	16992.0
-1429	17118.0	17068.0
-1428	17040.0	17209.0
-1427	17342.0	17050.0
-1426	17238.0	17165.0
-1425	17331.0	17118.0
-1424	17529.0	17259.0
-1423	17351.0	17196.0
-1422	17562.0	17112.0
-1421	17407.0	17010.0
-1420	17464.0	17167.0
-1419	17428.0	17200.0
-1418	17256.0	17124.0
-1417	17721.0	17172.0
-1416	17383.0	17140.0
-1415	17278.0	16911.0
-1414	17233.0	17196.0
-1413	17360.0	17140.0
-1412	17516.0	17260.0
-1411	17194.0	17015.0
-1410	17405.0	17150.0
-1409	17214.0	16914.0
-1408	17399.0	16876.0
-1407	17311.0	16924.0
-1406	17592.0	17305.0
-1405	17236.0	17140.0
-1404	17277.0	17154.0
-1403	17283.0	17240.0
-1402	17363.0	17116.0
-1401	17216.0	17178.0
-1400	17398.0	16811.0
-1399	17449.0	16990.0
-1398	17175.0	17005.0
-1397	17334.0	17062.0
-1396	17320.0	17016.0
-1395	17379.0	17169.0
-1394	17202.0	17093.0
-1393	17356.0	17176.0
-1392	17281.0	17194.0
-1391	17387.0	17152.0
-1390	17383.0	17350.0
-1389	17757.0	17299.0
-1388	17130.0	17040.0
-1387	17308.0	17182.0
-1386	17203.0	17226.0
-1385	17160.0	17120.0
-1384	17289.0	17068.0
-1383	17564.0	17082.0
-1382	17513.0	17061.0
-1381	17344.0	17115.0
-1380	17622.0	17295.0
-1379	17243.0	17128.0
-1378	17617.0	17156.0
-1377	17539.0	17218.0
-1376	17460.0	16892.0
-1375	17022.0	17205.0
-1374	17386.0	17287.0
-1373	17306.0	17343.0
-1372	17278.0	17185.0
-1371	17583.0	17054.0
-1370	17617.0	17287.0
-1369	17355.0	17263.0
-1368	17393.0	17404.0
-1367	17275.0	17344.0
-1366	17525.0	17040.0
-1365	17421.0	17210.0
-1364	17363.0	17195.0
-1363	17338.0	17283.0
-1362	17433.0	17141.0
-1361	17562.0	17029.0
-1360	17384.0	17356.0
-1359	17486.0	16989.0
-1358	17360.0	17007.0
-1357	17328.0	17309.0
-1356	17411.0	17250.0
-1355	17540.0	17074.0
-1354	17336.0	17304.0
-1353	17422.0	17264.0
-1352	17498.0	17464.0
-1351	17149.0	16818.0
-1350	17330.0	17108.0
-1349	17379.0	17383.0
-1348	17421.0	17319.0
-1347	17395.0	17486.0
-1346	17125.0	17190.0
-1345	17628.0	17374.0
-1344	17169.0	17176.0
-1343	17490.0	17191.0
-1342	17352.0	17250.0
-1341	17460.0	17243.0
-1340	17242.0	17273.0
-1339	17469.0	17396.0
-1338	17397.0	17131.0
-1337	17182.0	17272.0
-1336	17091.0	17062.0
-1335	17344.0	17151.0
-1334	17477.0	17443.0
-1333	17532.0	17103.0
-1332	17507.0	17208.0
-1331	17462.0	17405.0
-1330	17383.0	17236.0
-1329	17702.0	17339.0
-1328	17443.0	17464.0
-1327	17298.0	17275.0
-1326	17464.0	17426.0
-1325	17414.0	17231.0
-1324	17256.0	17331.0
-1323	17311.0	17413.0
-1322	17412.0	17115.0
-1321	17432.0	17464.0
-1320	17180.0	17275.0
-1319	17385.0	17395.0
-1318	17414.0	16963.0
-1317	17536.0	17168.0
-1316	17496.0	17320.0
-1315	17556.0	17065.0
-1314	17484.0	17419.0
-1313	17383.0	17282.0
-1312	17323.0	17257.0
-1311	17286.0	17140.0
-1310	17555.0	17312.0
-1309	17388.0	17196.0
-1308	17314.0	17196.0
-1307	17246.0	17421.0
-1306	17499.0	17141.0
-1305	17419.0	17327.0
-1304	17394.0	17340.0
-1303	17463.0	17211.0
-1302	17516.0	17201.0
-1301	17332.0	17331.0
-1300	17460.0	17603.0
-1299	17342.0	17120.0
-1298	17536.0	17519.0
-1297	17495.0	17099.0
-1296	17574.0	17214.0
-1295	17207.0	17478.0
-1294	17773.0	17167.0
-1293	17364.0	17310.0
-1292	17501.0	17328.0
-1291	17430.0	17435.0
-1290	17308.0	17230.0
-1289	17333.0	17266.0
-1288	17638.0	17484.0
-1287	17250.0	17641.0
-1286	17605.0	17352.0
-1285	17874.0	17393.0
-1284	17679.0	17196.0
-1283	17480.0	17189.0
-1282	17480.0	17056.0
-1281	17457.0	17304.0
-1280	17492.0	17356.0
-1279	17437.0	17316.0
-1278	17609.0	17228.0
-1277	17380.0	17404.0
-1276	17349.0	17371.0
-1275	17553.0	17193.0
-1274	17536.0	17257.0
-1273	17648.0	17682.0
-1272	17604.0	17187.0
-1271	17546.0	17436.0
-1270	17603.0	17283.0
-1269	17558.0	17269.0
-1268	17618.0	17425.0
-1267	17672.0	17426.0
-1266	17468.0	17456.0
-1265	17703.0	17368.0
-1264	17420.0	17443.0
-1263	17493.0	17324.0
-1262	17506.0	17327.0
-1261	17221.0	17364.0
-1260	17582.0	17253.0
-1259	17558.0	17303.0
-1258	17540.0	17513.0
-1257	17573.0	17444.0
-1256	17537.0	17510.0
-1255	17409.0	17194.0
-1254	17590.0	17468.0
-1253	17523.0	17491.0
-1252	17505.0	17385.0
-1251	17623.0	17258.0
-1250	17563.0	17390.0
-1249	17595.0	17631.0
-1248	17563.0	17326.0
-1247	17693.0	17475.0
-1246	17537.0	17459.0
-1245	17773.0	17445.0
-1244	17664.0	17157.0
-1243	17772.0	17340.0
-1242	17709.0	17399.0
-1241	17504.0	17464.0
-1240	17676.0	17299.0
-1239	17426.0	17293.0
-1238	17837.0	17441.0
-1237	17558.0	17542.0
-1236	17678.0	17382.0
-1235	17371.0	17512.0
-1234	17595.0	17418.0
-1233	17442.0	17446.0
-1232	17659.0	17594.0
-1231	17549.0	17441.0
-1230	17462.0	17579.0
-1229	17677.0	17370.0
-1228	17433.0	17302.0
-1227	17613.0	17432.0
-1226	17580.0	17641.0
-1225	17607.0	17679.0
-1224	17397.0	17297.0
-1223	17323.0	17368.0
-1222	17413.0	17512.0
-1221	17599.0	17429.0
-1220	17532.0	17319.0
-1219	17859.0	17464.0
-1218	17648.0	17310.0
-1217	17418.0	17331.0
-1216	17509.0	17522.0
-1215	17587.0	17414.0
-1214	17617.0	17396.0
-1213	17371.0	17521.0
-1212	17602.0	17606.0
-1211	17515.0	17430.0
-1210	17840.0	17234.0
-1209	17628.0	17363.0
-1208	17466.0	17442.0
-1207	17568.0	17513.0
-1206	17693.0	17502.0
-1205	17902.0	17224.0
-1204	17626.0	17475.0
-1203	17507.0	17362.0
-1202	17433.0	17237.0
-1201	17660.0	17406.0
-1200	17586.0	17355.0
-1199	17562.0	17333.0
-1198	17352.0	17486.0
-1197	17583.0	17384.0
-1196	17746.0	17458.0
-1195	17927.0	17620.0
-1194	17629.0	17452.0
-1193	17721.0	17713.0
-1192	17554.0	17469.0
-1191	17596.0	17515.0
-1190	17632.0	17481.0
-1189	17819.0	17257.0
-1188	17556.0	17564.0
-1187	17645.0	17412.0
-1186	17546.0	17571.0
-1185	17682.0	17545.0
-1184	17592.0	17353.0
-1183	17952.0	17575.0
-1182	17863.0	17605.0
-1181	17878.0	17628.0
-1180	17607.0	17213.0
-1179	17759.0	17595.0
-1178	17918.0	17794.0
-1177	17633.0	17613.0
-1176	17492.0	17313.0
-1175	17662.0	17677.0
-1174	17847.0	17246.0
-1173	17569.0	17598.0
-1172	17711.0	17437.0
-1171	17770.0	17518.0
-1170	17728.0	17429.0
-1169	17633.0	17522.0
-1168	17616.0	17350.0
-1167	17808.0	17649.0
-1166	17628.0	17579.0
-1165	17608.0	17505.0
-1164	17947.0	17525.0
-1163	17718.0	17647.0
-1162	17744.0	17635.0
-1161	17944.0	17589.0
-1160	17747.0	17593.0
-1159	17617.0	17627.0
-1158	17760.0	17573.0
-1157	17675.0	17601.0
-1156	17754.0	17501.0
-1155	17538.0	17581.0
-1154	17852.0	17367.0
-1153	17513.0	17406.0
-1152	17576.0	17457.0
-1151	17619.0	17338.0
-1150	17682.0	17392.0
-1149	17780.0	17462.0
-1148	17568.0	17451.0
-1147	17542.0	17450.0
-1146	17850.0	17377.0
-1145	17627.0	17540.0
-1144	17802.0	17463.0
-1143	17970.0	17420.0
-1142	17732.0	17661.0
-1141	17820.0	17489.0
-1140	17821.0	17423.0
-1139	17782.0	17415.0
-1138	17652.0	17486.0
-1137	17974.0	17583.0
-1136	17767.0	17663.0
-1135	17810.0	17627.0
-1134	17692.0	17544.0
-1133	17936.0	17565.0
-1132	17702.0	17660.0
-1131	17853.0	17341.0
-1130	17861.0	17440.0
-1129	17860.0	17453.0
-1128	17873.0	17517.0
-1127	17706.0	17689.0
-1126	17862.0	17640.0
-1125	17904.0	17671.0
-1124	17962.0	17745.0
-1123	17794.0	17521.0
-1122	17973.0	17629.0
-1121	17985.0	17576.0
-1120	17801.0	17548.0
-1119	17947.0	17614.0
-1118	18030.0	17500.0
-1117	17917.0	17734.0
-1116	17592.0	17567.0
-1115	17802.0	17708.0
-1114	18094.0	17556.0
-1113	17839.0	17861.0
-1112	17875.0	17837.0
-1111	17885.0	17563.0
-1110	17813.0	17599.0
-1109	17819.0	17733.0
-1108	17793.0	17646.0
-1107	17725.0	17660.0
-1106	17769.0	17626.0
-1105	17596.0	17587.0
-1104	18018.0	17547.0
-1103	17726.0	17446.0
-1102	17725.0	17596.0
-1101	17734.0	17743.0
-1100	17673.0	17807.0
-1099	17695.0	17331.0
-1098	17874.0	17664.0
-1097	17813.0	17494.0
-1096	17849.0	17796.0
-1095	18020.0	17736.0
-1094	17644.0	17628.0
-1093	17892.0	17730.0
-1092	17746.0	17753.0
-1091	18121.0	17598.0
-1090	17996.0	17725.0
-1089	17669.0	17784.0
-1088	17856.0	17657.0
-1087	17796.0	17626.0
-1086	17983.0	17876.0
-1085	18078.0	17669.0
-1084	17926.0	17851.0
-1083	17777.0	17815.0
-1082	17828.0	17731.0
-1081	18098.0	17782.0
-1080	17808.0	17796.0
-1079	17822.0	17934.0
-1078	17770.0	17968.0
-1077	17870.0	17697.0
-1076	17839.0	17807.0
-1075	18111.0	17894.0
-1074	18103.0	17770.0
-1073	17942.0	17735.0
-1072	18030.0	17586.0
-1071	18090.0	17549.0
-1070	17932.0	17564.0
-1069	17952.0	17785.0
-1068	17883.0	17698.0
-1067	17794.0	17667.0
-1066	17797.0	17702.0
-1065	17911.0	17860.0
-1064	17879.0	17645.0
-1063	17958.0	17661.0
-1062	18017.0	17835.0
-1061	17916.0	17680.0
-1060	17804.0	17857.0
-1059	17819.0	17693.0
-1058	18096.0	17847.0
-1057	17974.0	17667.0
-1056	17964.0	17606.0
-1055	17667.0	17655.0
-1054	17914.0	17806.0
-1053	17921.0	17760.0
-1052	17725.0	17649.0
-1051	18131.0	17847.0
-1050	17953.0	17776.0
-1049	17595.0	17707.0
-1048	17901.0	17788.0
-1047	17933.0	17823.0
-1046	17854.0	18050.0
-1045	18080.0	17723.0
-1044	17846.0	17780.0
-1043	18061.0	17605.0
-1042	17575.0	17836.0
-1041	17942.0	17944.0
-1040	17938.0	17742.0
-1039	18013.0	17887.0
-1038	18091.0	17598.0
-1037	17889.0	17945.0
-1036	17795.0	17564.0
-1035	18029.0	17635.0
-1034	17996.0	17723.0
-1033	17842.0	17772.0
-1032	17958.0	17684.0
-1031	17983.0	17637.0
-1030	18053.0	17841.0
-1029	18084.0	17958.0
-1028	17865.0	17849.0
-1027	17930.0	17805.0
-1026	17840.0	17797.0
-1025	18149.0	17882.0
-1024	18066.0	17926.0
-1023	18141.0	17593.0
-1022	18007.0	17754.0
-1021	18025.0	17807.0
-1020	18070.0	17896.0
-1019	18153.0	18030.0
-1018	17991.0	17819.0
-1017	18093.0	17624.0
-1016	18033.0	17579.0
-1015	18062.0	17780.0
-1014	17919.0	17978.0
-1013	18028.0	17712.0
-1012	17936.0	17929.0
-1011	17810.0	17991.0
-1010	17855.0	17900.0
-1009	17870.0	18008.0
-1008	18078.0	17618.0
-1007	18160.0	17797.0
-1006	18020.0	18016.0
-1005	18089.0	17775.0
-1004	18259.0	17730.0
-1003	17867.0	17572.0
-1002	18167.0	17802.0
-1001	18223.0	17899.0
-1000	17961.0	17934.0
-999	18052.0	17803.0
-998	17940.0	18074.0
-997	18071.0	17858.0
-996	17942.0	17732.0
-995	18188.0	17859.0
-994	17967.0	17772.0
-993	17751.0	17984.0
-992	17826.0	17685.0
-991	17853.0	17873.0
-990	18081.0	17873.0
-989	17930.0	17746.0
-988	17836.0	17736.0
-987	17910.0	18004.0
-986	18036.0	17976.0
-985	17875.0	18000.0
-984	18064.0	17828.0
-983	18019.0	17892.0
-982	17836.0	17878.0
-981	18032.0	17658.0
-980	17890.0	17887.0
-979	18036.0	17942.0
-978	17903.0	17752.0
-977	18036.0	18084.0
-976	17960.0	18016.0
-975	18070.0	17862.0
-974	18181.0	17787.0
-973	17986.0	17848.0
-972	17897.0	17702.0
-971	18013.0	17743.0
-970	18055.0	17822.0
-969	18227.0	17748.0
-968	18135.0	17912.0
-967	18036.0	17916.0
-966	17937.0	17915.0
-965	18058.0	17882.0
-964	17978.0	17834.0
-963	17998.0	17840.0
-962	18109.0	17741.0
-961	18009.0	18050.0
-960	18011.0	17848.0
-959	18068.0	18195.0
-958	17892.0	17869.0
-957	18002.0	17893.0
-956	18169.0	17918.0
-955	18014.0	18006.0
-954	17820.0	17958.0
-953	17957.0	18015.0
-952	18164.0	17739.0
-951	18122.0	17741.0
-950	18047.0	17877.0
-949	17980.0	18098.0
-948	18337.0	17945.0
-947	18008.0	18122.0
-946	17970.0	17930.0
-945	17750.0	17995.0
-944	18069.0	17993.0
-943	18026.0	18071.0
-942	18122.0	17911.0
-941	17920.0	17968.0
-940	17729.0	17811.0
-939	18239.0	18090.0
-938	18157.0	17855.0
-937	17991.0	17888.0
-936	18090.0	17985.0
-935	17942.0	18067.0
-934	18035.0	17850.0
-933	18177.0	17912.0
-932	17868.0	18012.0
-931	18067.0	18018.0
-930	18037.0	17788.0
-929	18094.0	17870.0
-928	17994.0	17763.0
-927	18289.0	17929.0
-926	18066.0	17912.0
-925	17660.0	17941.0
-924	18003.0	17732.0
-923	17787.0	17977.0
-922	17890.0	17972.0
-921	18127.0	17900.0
-920	18123.0	17945.0
-919	18040.0	17855.0
-918	18163.0	17928.0
-917	18206.0	17970.0
-916	18025.0	17990.0
-915	18053.0	17874.0
-914	18024.0	17979.0
-913	18307.0	17941.0
-912	18126.0	17923.0
-911	18012.0	17931.0
-910	18250.0	17913.0
-909	18037.0	17863.0
-908	18062.0	17855.0
-907	18181.0	18134.0
-906	17998.0	17911.0
-905	18106.0	18010.0
-904	18160.0	18056.0
-903	18180.0	17980.0
-902	18263.0	17915.0
-901	18077.0	17968.0
-900	18145.0	17867.0
-899	18043.0	17754.0
-898	18264.0	18145.0
-897	18107.0	18007.0
-896	18169.0	17866.0
-895	18396.0	18056.0
-894	18364.0	18035.0
-893	18219.0	17958.0
-892	18186.0	18148.0
-891	18213.0	17847.0
-890	17955.0	17963.0
-889	18246.0	18084.0
-888	18127.0	17954.0
-887	18258.0	18110.0
-886	17972.0	18180.0
-885	18210.0	17926.0
-884	18133.0	17911.0
-883	18309.0	18153.0
-882	18098.0	18263.0
-881	18133.0	18072.0
-880	18015.0	18130.0
-879	18174.0	18302.0
-878	18159.0	18140.0
-877	18012.0	18073.0
-876	18228.0	18078.0
-875	18188.0	18059.0
-874	18463.0	18136.0
-873	18286.0	18204.0
-872	18140.0	18234.0
-871	18258.0	18307.0
-870	18107.0	17992.0
-869	18090.0	18217.0
-868	18400.0	17923.0
-867	18401.0	18256.0
-866	18120.0	18099.0
-865	18321.0	18093.0
-864	18281.0	17788.0
-863	17992.0	18053.0
-862	18522.0	17940.0
-861	18215.0	17765.0
-860	18146.0	18321.0
-859	18118.0	18029.0
-858	18276.0	18256.0
-857	18286.0	18096.0
-856	18235.0	18138.0
-855	18281.0	18020.0
-854	18128.0	17945.0
-853	18128.0	17941.0
-852	18114.0	18176.0
-851	18221.0	18110.0
-850	18185.0	18330.0
-849	18287.0	18019.0
-848	18326.0	18014.0
-847	18126.0	18093.0
-846	18477.0	18074.0
-845	18223.0	17993.0
-844	18471.0	17912.0
-843	18221.0	18015.0
-842	18157.0	18327.0
-841	18409.0	17883.0
-840	18380.0	18021.0
-839	18078.0	18254.0
-838	18346.0	17971.0
-837	18176.0	18199.0
-836	18240.0	18220.0
-835	18132.0	18004.0
-834	18334.0	18088.0
-833	18222.0	17910.0
-832	18032.0	18055.0
-831	18115.0	18147.0
-830	18360.0	18430.0
-829	18353.0	18028.0
-828	18370.0	17977.0
-827	18283.0	18101.0
-826	18395.0	18055.0
-825	18326.0	18397.0
-824	18298.0	18011.0
-823	18208.0	18370.0
-822	18520.0	18200.0
-821	18432.0	18237.0
-820	18649.0	18346.0
-819	18363.0	18126.0
-818	18458.0	18259.0
-817	18452.0	17907.0
-816	18514.0	17986.0
-815	18292.0	18218.0
-814	18411.0	18207.0
-813	18451.0	17874.0
-812	18455.0	17778.0
-811	18297.0	18084.0
-810	18398.0	18025.0
-809	18636.0	18038.0
-808	18521.0	18288.0
-807	18493.0	17952.0
-806	18472.0	17779.0
-805	18350.0	18028.0
-804	18610.0	18188.0
-803	18582.0	17958.0
-802	18116.0	18021.0
-801	18555.0	18288.0
-800	18425.0	18309.0
-799	18345.0	18193.0
-798	18448.0	18297.0
-797	18495.0	18307.0
-796	18321.0	18019.0
-795	18367.0	18137.0
-794	18359.0	18382.0
-793	18358.0	18157.0
-792	18665.0	18082.0
-791	18580.0	18193.0
-790	18473.0	18243.0
-789	18446.0	18236.0
-788	18376.0	18248.0
-787	18457.0	18181.0
-786	18498.0	18342.0
-785	18506.0	18107.0
-784	18343.0	18306.0
-783	18514.0	18243.0
-782	18317.0	18168.0
-781	18488.0	18296.0
-780	18447.0	17988.0
-779	18595.0	18149.0
-778	18522.0	18156.0
-777	18380.0	18301.0
-776	18284.0	18210.0
-775	18701.0	18366.0
-774	18153.0	18064.0
-773	18451.0	18083.0
-772	18446.0	18138.0
-771	18389.0	18296.0
-770	18339.0	18029.0
-769	18530.0	18123.0
-768	18308.0	18343.0
-767	18224.0	18083.0
-766	18541.0	18276.0
-765	18527.0	18450.0
-764	18432.0	18340.0
-763	18309.0	18122.0
-762	18492.0	18250.0
-761	18571.0	18308.0
-760	18583.0	18387.0
-759	18529.0	18180.0
-758	18484.0	18072.0
-757	18438.0	18146.0
-756	18423.0	18292.0
-755	18583.0	17993.0
-754	18448.0	18390.0
-753	18487.0	18093.0
-752	18399.0	18174.0
-751	18406.0	18291.0
-750	18650.0	18301.0
-749	18470.0	18169.0
-748	18446.0	18091.0
-747	18521.0	18217.0
-746	18240.0	18361.0
-745	18411.0	18338.0
-744	18371.0	18362.0
-743	18648.0	18336.0
-742	18431.0	18421.0
-741	18461.0	18166.0
-740	18714.0	18531.0
-739	18565.0	18487.0
-738	18458.0	18340.0
-737	18577.0	18352.0
-736	18433.0	18562.0
-735	18532.0	18385.0
-734	18424.0	18234.0
-733	18683.0	18303.0
-732	18651.0	18089.0
-731	18471.0	18469.0
-730	18304.0	18220.0
-729	18440.0	18282.0
-728	18451.0	18342.0
-727	18528.0	18181.0
-726	18497.0	18125.0
-725	18606.0	18150.0
-724	18549.0	18348.0
-723	18473.0	18527.0
-722	18532.0	18523.0
-721	18744.0	18446.0
-720	18590.0	18317.0
-719	18709.0	18439.0
-718	18594.0	18379.0
-717	18440.0	18410.0
-716	18346.0	18252.0
-715	18476.0	18626.0
-714	18625.0	18392.0
-713	18695.0	18168.0
-712	18648.0	18081.0
-711	18673.0	18332.0
-710	18631.0	18320.0
-709	18650.0	18412.0
-708	18444.0	18420.0
-707	18648.0	18330.0
-706	18658.0	18386.0
-705	18575.0	18168.0
-704	18610.0	18391.0
-703	18781.0	18195.0
-702	18615.0	18568.0
-701	18724.0	18548.0
-700	18329.0	18358.0
-699	18815.0	18552.0
-698	18722.0	18326.0
-697	18821.0	18119.0
-696	18649.0	18389.0
-695	18459.0	18418.0
-694	18658.0	18206.0
-693	18467.0	18343.0
-692	18584.0	18182.0
-691	18637.0	18292.0
-690	18783.0	18389.0
-689	18497.0	18430.0
-688	18475.0	18273.0
-687	18650.0	18428.0
-686	18691.0	18312.0
-685	18698.0	18219.0
-684	18593.0	18510.0
-683	18613.0	18340.0
-682	18521.0	18374.0
-681	18614.0	18600.0
-680	18445.0	18334.0
-679	18659.0	18515.0
-678	18475.0	18427.0
-677	18768.0	18261.0
-676	18876.0	18433.0
-675	18551.0	18249.0
-674	18602.0	18620.0
-673	18655.0	18452.0
-672	18706.0	18417.0
-671	18714.0	18487.0
-670	18806.0	18409.0
-669	18747.0	18342.0
-668	18645.0	18655.0
-667	18554.0	18501.0
-666	18836.0	18282.0
-665	18642.0	18671.0
-664	18732.0	18342.0
-663	18617.0	18300.0
-662	18758.0	18417.0
-661	18711.0	18344.0
-660	18628.0	18496.0
-659	18535.0	18403.0
-658	18714.0	18435.0
-657	18721.0	18543.0
-656	18719.0	18359.0
-655	18586.0	18399.0
-654	18873.0	18218.0
-653	18645.0	18484.0
-652	18633.0	18500.0
-651	18675.0	18490.0
-650	18489.0	18657.0
-649	18504.0	18405.0
-648	18665.0	18549.0
-647	18861.0	18502.0
-646	18770.0	18548.0
-645	18871.0	18346.0
-644	18599.0	18375.0
-643	18791.0	18555.0
-642	18831.0	18388.0
-641	18846.0	18394.0
-640	18782.0	18503.0
-639	18412.0	18290.0
-638	18948.0	18228.0
-637	18904.0	18444.0
-636	18772.0	18371.0
-635	18880.0	18155.0
-634	18393.0	18456.0
-633	18943.0	18305.0
-632	18976.0	18573.0
-631	18533.0	18303.0
-630	18737.0	18497.0
-629	18708.0	18461.0
-628	18733.0	18370.0
-627	18704.0	18679.0
-626	18723.0	18256.0
-625	18958.0	18377.0
-624	18961.0	18501.0
-623	19030.0	18505.0
-622	19064.0	18501.0
-621	18845.0	18421.0
-620	18662.0	18443.0
-619	18852.0	18322.0
-618	18887.0	18401.0
-617	18469.0	18691.0
-616	18935.0	18762.0
-615	18800.0	18795.0
-614	18931.0	18526.0
-613	18719.0	18391.0
-612	18732.0	18518.0
-611	18782.0	18558.0
-610	18579.0	18641.0
-609	18674.0	18823.0
-608	18743.0	18513.0
-607	18931.0	18463.0
-606	18805.0	18770.0
-605	19050.0	18598.0
-604	18931.0	18525.0
-603	18847.0	18446.0
-602	18875.0	18500.0
-601	19001.0	18665.0
-600	19011.0	18726.0
-599	18789.0	18577.0
-598	18805.0	18554.0
-597	18765.0	18701.0
-596	18908.0	18482.0
-595	19036.0	18386.0
-594	18623.0	18688.0
-593	19012.0	18465.0
-592	18981.0	18679.0
-591	18868.0	18719.0
-590	18844.0	18598.0
-589	19058.0	18722.0
-588	18920.0	18628.0
-587	19053.0	18646.0
-586	18850.0	18627.0
-585	19179.0	18542.0
-584	18827.0	18671.0
-583	19115.0	18548.0
-582	19107.0	18430.0
-581	18880.0	18422.0
-580	18751.0	18637.0
-579	19175.0	18586.0
-578	18933.0	18579.0
-577	19078.0	18627.0
-576	18992.0	18580.0
-575	19006.0	18623.0
-574	19189.0	18561.0
-573	19140.0	18689.0
-572	19227.0	18349.0
-571	19085.0	18595.0
-570	18982.0	18682.0
-569	18971.0	18400.0
-568	19309.0	18593.0
-567	19223.0	18515.0
-566	19045.0	18444.0
-565	18969.0	18830.0
-564	19238.0	18712.0
-563	18954.0	18547.0
-562	19130.0	18601.0
-561	19111.0	18865.0
-560	19197.0	18854.0
-559	19267.0	18709.0
-558	19072.0	18635.0
-557	19213.0	18778.0
-556	19055.0	18717.0
-555	19232.0	18842.0
-554	19062.0	18601.0
-553	19094.0	18833.0
-552	18907.0	18596.0
-551	19256.0	18590.0
-550	19020.0	18767.0
-549	19043.0	18836.0
-548	19158.0	18681.0
-547	18999.0	18653.0
-546	19148.0	18778.0
-545	19074.0	18840.0
-544	19019.0	18562.0
-543	18838.0	18728.0
-542	18993.0	18631.0
-541	19058.0	18817.0
-540	19089.0	18846.0
-539	19229.0	18945.0
-538	19007.0	18768.0
-537	18989.0	18824.0
-536	19241.0	18733.0
-535	19068.0	19058.0
-534	19012.0	18694.0
-533	19100.0	18601.0
-532	18976.0	18661.0
-531	19085.0	18705.0
-530	19131.0	18713.0
-529	18949.0	18785.0
-528	19034.0	18849.0
-527	18950.0	18769.0
-526	19333.0	18771.0
-525	19158.0	18835.0
-524	19051.0	18638.0
-523	19269.0	18859.0
-522	19071.0	18781.0
-521	19009.0	19060.0
-520	19145.0	18651.0
-519	19031.0	18611.0
-518	19022.0	18858.0
-517	18923.0	18646.0
-516	19147.0	18844.0
-515	19107.0	18760.0
-514	19020.0	18686.0
-513	19091.0	18836.0
-512	19239.0	18566.0
-511	18948.0	18765.0
-510	19241.0	18587.0
-509	18908.0	18858.0
-508	19065.0	18762.0
-507	18831.0	18951.0
-506	19483.0	18952.0
-505	19145.0	18727.0
-504	19243.0	18766.0
-503	18978.0	18756.0
-502	19508.0	18753.0
-501	19092.0	18929.0
-500	19226.0	18837.0
-499	19365.0	18822.0
-498	19054.0	18722.0
-497	19353.0	18914.0
-496	19635.0	18799.0
-495	19206.0	18850.0
-494	19517.0	18661.0
-493	19161.0	19048.0
-492	19270.0	18758.0
-491	19072.0	18844.0
-490	19329.0	18925.0
-489	19293.0	18963.0
-488	19454.0	18978.0
-487	19022.0	18944.0
-486	19085.0	18814.0
-485	19460.0	18839.0
-484	19312.0	18858.0
-483	19265.0	19013.0
-482	19123.0	18952.0
-481	19277.0	18898.0
-480	19091.0	19049.0
-479	19404.0	18901.0
-478	19155.0	18908.0
-477	19629.0	18922.0
-476	19288.0	18845.0
-475	19259.0	19075.0
-474	19549.0	18894.0
-473	19099.0	18984.0
-472	19172.0	18968.0
-471	19555.0	19038.0
-470	19321.0	19208.0
-469	19114.0	19030.0
-468	19241.0	19101.0
-467	19156.0	19063.0
-466	19220.0	18883.0
-465	19365.0	18828.0
-464	19275.0	19010.0
-463	19497.0	19144.0
-462	19550.0	18857.0
-461	19569.0	18953.0
-460	19325.0	19093.0
-459	19394.0	19100.0
-458	19633.0	19048.0
-457	19226.0	19177.0
-456	19427.0	19142.0
-455	19505.0	19071.0
-454	19322.0	18952.0
-453	19152.0	18873.0
-452	19692.0	19093.0
-451	19620.0	19014.0
-450	19290.0	18951.0
-449	19637.0	19216.0
-448	19385.0	19009.0
-447	19293.0	19032.0
-446	19444.0	19025.0
-445	19460.0	19324.0
-444	19540.0	19302.0
-443	19484.0	18909.0
-442	19296.0	19068.0
-441	19501.0	19197.0
-440	19487.0	18973.0
-439	19599.0	19202.0
-438	19804.0	19300.0
-437	19523.0	18954.0
-436	19413.0	19383.0
-435	19530.0	19092.0
-434	19770.0	19137.0
-433	19579.0	19061.0
-432	19586.0	19338.0
-431	19368.0	19205.0
-430	19736.0	19162.0
-429	19568.0	18879.0
-428	19561.0	19174.0
-427	19545.0	19160.0
-426	19672.0	19124.0
-425	19600.0	19266.0
-424	19588.0	18937.0
-423	19925.0	19169.0
-422	19663.0	19143.0
-421	19389.0	19238.0
-420	19448.0	19294.0
-419	19629.0	19172.0
-418	19516.0	19086.0
-417	19502.0	19231.0
-416	19534.0	18964.0
-415	19671.0	19113.0
-414	19611.0	19152.0
-413	19534.0	19093.0
-412	19595.0	19166.0
-411	19672.0	18957.0
-410	19788.0	19165.0
-409	19960.0	19030.0
-408	19590.0	19296.0
-407	19592.0	19369.0
-406	19516.0	19293.0
-405	19879.0	19176.0
-404	19870.0	19250.0
-403	20077.0	19018.0
-402	19685.0	19258.0
-401	19888.0	18948.0
-400	19786.0	18991.0
-399	19671.0	19216.0
-398	19854.0	19321.0
-397	19655.0	19364.0
-396	19939.0	19108.0
-395	19787.0	19441.0
-394	19783.0	19204.0
-393	19882.0	19393.0
-392	19873.0	19141.0
-391	19953.0	19212.0
-390	19526.0	19223.0
-389	20049.0	19284.0
-388	19900.0	19242.0
-387	19795.0	19222.0
-386	19503.0	19334.0
-385	19825.0	19342.0
-384	19773.0	19507.0
-383	19714.0	19296.0
-382	19514.0	19174.0
-381	20046.0	19244.0
-380	19752.0	19428.0
-379	19725.0	19429.0
-378	19889.0	19570.0
-377	20209.0	19247.0
-376	19931.0	19358.0
-375	19939.0	19646.0
-374	19882.0	19160.0
-373	19777.0	19636.0
-372	20010.0	19087.0
-371	19687.0	19630.0
-370	20092.0	19326.0
-369	20061.0	19460.0
-368	19748.0	19232.0
-367	19778.0	19374.0
-366	19785.0	19418.0
-365	19781.0	19259.0
-364	19631.0	19206.0
-363	19962.0	19329.0
-362	19926.0	19312.0
-361	19927.0	19703.0
-360	19953.0	19470.0
-359	19781.0	19597.0
-358	19841.0	19519.0
-357	19696.0	19396.0
-356	19852.0	19412.0
-355	19728.0	19531.0
-354	19996.0	19541.0
-353	19757.0	19746.0
-352	20151.0	19837.0
-351	19883.0	19604.0
-350	19607.0	19734.0
-349	20023.0	19482.0
-348	19898.0	19399.0
-347	19887.0	19591.0
-346	20107.0	19601.0
-345	19917.0	19704.0
-344	20059.0	19622.0
-343	20145.0	19635.0
-342	20006.0	19603.0
-341	20082.0	19410.0
-340	19959.0	19739.0
-339	19970.0	19591.0
-338	19985.0	19535.0
-337	19960.0	19655.0
-336	19816.0	19736.0
-335	20046.0	19620.0
-334	19918.0	19546.0
-333	19770.0	19471.0
-332	20098.0	19368.0
-331	19945.0	19810.0
-330	19882.0	19689.0
-329	20205.0	19545.0
-328	20184.0	19616.0
-327	20016.0	19656.0
-326	19880.0	19472.0
-325	20052.0	19674.0
-324	20235.0	19544.0
-323	20170.0	19771.0
-322	19981.0	19658.0
-321	20141.0	19720.0
-320	19874.0	19659.0
-319	20158.0	19749.0
-318	19942.0	19907.0
-317	19896.0	19807.0
-316	20170.0	19668.0
-315	19987.0	19611.0
-314	20288.0	19590.0
-313	20071.0	19547.0
-312	20213.0	19482.0
-311	20206.0	19823.0
-310	20218.0	19591.0
-309	20167.0	19663.0
-308	20053.0	19723.0
-307	20247.0	19613.0
-306	20129.0	19435.0
-305	20025.0	19485.0
-304	19952.0	19999.0
-303	20099.0	19698.0
-302	19870.0	19696.0
-301	20076.0	19823.0
-300	20318.0	19542.0
-299	19918.0	19682.0
-298	20210.0	19637.0
-297	20235.0	19604.0
-296	20163.0	19709.0
-295	20301.0	19516.0
-294	20352.0	19635.0
-293	20210.0	19823.0
-292	20003.0	19475.0
-291	20393.0	19602.0
-290	20196.0	19749.0
-289	20341.0	19777.0
-288	20179.0	19845.0
-287	20022.0	19704.0
-286	20406.0	19774.0
-285	20468.0	19608.0
-284	20323.0	19868.0
-283	20422.0	20137.0
-282	20389.0	19765.0
-281	20395.0	19717.0
-280	20290.0	19689.0
-279	20143.0	19562.0
-278	20405.0	19605.0
-277	20410.0	19875.0
-276	20395.0	19837.0
-275	20438.0	20004.0
-274	20565.0	19800.0
-273	20605.0	19770.0
-272	20554.0	19617.0
-271	20477.0	19934.0
-270	20255.0	19964.0
-269	20559.0	19947.0
-268	20468.0	19793.0
-267	20442.0	19733.0
-266	20302.0	19923.0
-265	20726.0	19821.0
-264	20314.0	19904.0
-263	20453.0	19785.0
-262	20645.0	19811.0
-261	20462.0	19844.0
-260	20440.0	19875.0
-259	20480.0	19881.0
-258	20602.0	19752.0
-257	20574.0	19833.0
-256	20586.0	19970.0
-255	20628.0	19668.0
-254	20669.0	19783.0
-253	20732.0	19744.0
-252	20708.0	19902.0
-251	20471.0	20000.0
-250	20375.0	20043.0
-249	20598.0	19873.0
-248	20597.0	20185.0
-247	20361.0	19904.0
-246	20559.0	19922.0
-245	20730.0	19957.0
-244	20276.0	20016.0
-243	20606.0	19711.0
-242	20776.0	20003.0
-241	20928.0	20068.0
-240	20664.0	20017.0
-239	20597.0	19919.0
-238	20377.0	20121.0
-237	20827.0	19955.0
-236	20437.0	20090.0
-235	20872.0	19930.0
-234	20667.0	20055.0
-233	20577.0	20326.0
-232	20771.0	20378.0
-231	21118.0	20037.0
-230	20570.0	20029.0
-229	20658.0	19927.0
-228	20577.0	19724.0
-227	20680.0	20197.0
-226	20825.0	20159.0
-225	20854.0	20144.0
-224	21078.0	20126.0
-223	20772.0	19947.0
-222	21069.0	20315.0
-221	20900.0	20352.0
-220	20741.0	20152.0
-219	20946.0	19960.0
-218	20828.0	20414.0
-217	20521.0	20152.0
-216	20798.0	20196.0
-215	21073.0	19953.0
-214	20847.0	20287.0
-213	20887.0	20317.0
-212	20922.0	20027.0
-211	21100.0	20378.0
-210	21036.0	20306.0
-209	21060.0	20157.0
-208	21139.0	20269.0
-207	20612.0	20422.0
-206	20791.0	20219.0
-205	21098.0	20075.0
-204	20883.0	20261.0
-203	21038.0	20513.0
-202	20943.0	20446.0
-201	21025.0	20404.0
-200	21119.0	20226.0
-199	21197.0	20311.0
-198	20757.0	20446.0
-197	20922.0	20508.0
-196	21166.0	20687.0
-195	21197.0	20349.0
-194	21043.0	20625.0
-193	21238.0	20398.0
-192	21082.0	20284.0
-191	21050.0	20380.0
-190	21112.0	20336.0
-189	20952.0	20770.0
-188	21108.0	20578.0
-187	21293.0	20449.0
-186	21052.0	20428.0
-185	21192.0	20512.0
-184	21148.0	20644.0
-183	21404.0	20635.0
-182	21060.0	20667.0
-181	21103.0	20579.0
-180	21250.0	20769.0
-179	21324.0	20714.0
-178	21292.0	20610.0
-177	21346.0	20693.0
-176	21228.0	20662.0
-175	21201.0	20663.0
-174	21265.0	20753.0
-173	21513.0	20619.0
-172	21387.0	20609.0
-171	21345.0	20656.0
-170	21379.0	20466.0
-169	21213.0	20946.0
-168	21437.0	20570.0
-167	21137.0	20581.0
-166	21312.0	21028.0
-165	21295.0	20526.0
-164	21298.0	20592.0
-163	21413.0	20482.0
-162	21502.0	20644.0
-161	21497.0	20526.0
-160	21417.0	20426.0
-159	21327.0	20576.0
-158	21601.0	20695.0
-157	21396.0	20840.0
-156	21404.0	20676.0
-155	21503.0	20795.0
-154	21417.0	20735.0
-153	21536.0	20506.0
-152	21504.0	20917.0
-151	21737.0	20611.0
-150	21586.0	20588.0
-149	21673.0	20589.0
-148	21716.0	20689.0
-147	21784.0	20768.0
-146	21587.0	20550.0
-145	21433.0	20653.0
-144	21791.0	20700.0
-143	21711.0	20705.0
-142	21728.0	20591.0
-141	21798.0	20701.0
-140	21933.0	20855.0
-139	21724.0	20784.0
-138	21836.0	20618.0
-137	22121.0	20585.0
-136	21639.0	20934.0
-135	21983.0	20689.0
-134	22119.0	21105.0
-133	21889.0	20753.0
-132	22039.0	20601.0
-131	22118.0	20959.0
-130	21925.0	20873.0
-129	22081.0	20967.0
-128	22148.0	20744.0
-127	22041.0	20910.0
-126	22094.0	20887.0
-125	22225.0	21040.0
-124	21972.0	20699.0
-123	22187.0	20990.0
-122	22531.0	20895.0
-121	22078.0	21182.0
-120	22496.0	20889.0
-119	22179.0	21068.0
-118	22462.0	20973.0
-117	22452.0	20790.0
-116	22407.0	20768.0
-115	22626.0	20963.0
-114	22666.0	21021.0
-113	22457.0	21169.0
-112	22645.0	20905.0
-111	22689.0	21149.0
-110	22728.0	20962.0
-109	22603.0	20991.0
-108	22643.0	20967.0
-107	22731.0	21222.0
-106	22595.0	20881.0
-105	22581.0	21344.0
-104	22971.0	21184.0
-103	22546.0	20922.0
-102	23079.0	20837.0
-101	23211.0	21030.0
-100	22829.0	20864.0
-99	23104.0	21198.0
-98	23068.0	21219.0
-97	23039.0	21109.0
-96	23136.0	21193.0
-95	22965.0	21044.0
-94	23445.0	21271.0
-93	23231.0	21332.0
-92	23385.0	21099.0
-91	23500.0	21235.0
-90	23614.0	21355.0
-89	23684.0	21444.0
-88	23494.0	21295.0
-87	23522.0	21324.0
-86	23557.0	21094.0
-85	23719.0	21451.0
-84	23830.0	21306.0
-83	23804.0	21316.0
-82	23867.0	21457.0
-81	23915.0	21565.0
-80	23895.0	21290.0
-79	24080.0	21280.0
-78	24311.0	21662.0
-77	24094.0	21492.0
-76	24247.0	21411.0
-75	24166.0	21460.0
-74	24447.0	21300.0
-73	24426.0	21393.0
-72	24272.0	21531.0
-71	24633.0	21678.0
-70	24507.0	21665.0
-69	24762.0	21114.0
-68	24496.0	21569.0
-67	24785.0	21675.0
-66	24797.0	21621.0
-65	24715.0	21341.0
-64	24972.0	21666.0
-63	25096.0	21445.0
-62	24887.0	21625.0
-61	25053.0	21564.0
-60	25386.0	21418.0
-59	25358.0	21445.0
-58	25499.0	21766.0
-57	25696.0	21615.0
-56	25408.0	21680.0
-55	25753.0	21787.0
-54	25547.0	21830.0
-53	25832.0	21750.0
-52	25938.0	21623.0
-51	26118.0	21959.0
-50	25680.0	22026.0
-49	25925.0	21824.0
-48	26118.0	21783.0
-47	26239.0	21705.0
-46	26710.0	21819.0
-45	26355.0	21907.0
-44	26652.0	21805.0
-43	26469.0	22050.0
-42	26490.0	22040.0
-41	26711.0	21772.0
-40	26704.0	22150.0
-39	26920.0	21845.0
-38	26906.0	21997.0
-37	26852.0	22177.0
-36	27049.0	22052.0
-35	27226.0	22214.0
-34	27493.0	22091.0
-33	27528.0	21775.0
-32	27763.0	22107.0
-31	27575.0	22102.0
-30	27964.0	22086.0
-29	27737.0	21860.0
-28	27996.0	22374.0
-27	28167.0	22172.0
-26	28440.0	22353.0
-25	28386.0	22139.0
-24	28585.0	22102.0
-23	28897.0	22299.0
-22	28721.0	22504.0
-21	28956.0	22278.0
-20	29106.0	22306.0
-19	29234.0	22158.0
-18	29594.0	22335.0
-17	29735.0	22355.0
-16	29741.0	22319.0
-15	29702.0	22443.0
-14	29944.0	22308.0
-13	30244.0	22047.0
-12	30520.0	22350.0
-11	30583.0	22387.0
-10	30646.0	22297.0
-9	30824.0	22395.0
-8	31459.0	22298.0
-7	31487.0	22627.0
-6	32129.0	22704.0
-5	32259.0	22551.0
-4	33024.0	22609.0
-3	33567.0	22560.0
-2	34626.0	22843.0
-1	35218.0	22684.0
0	0.0	22376.0
1	34886.0	22166.0
2	34455.0	21689.0
3	33466.0	22653.0
4	32618.0	22758.0
5	31946.0	22609.0
6	31493.0	22960.0
7	31155.0	23528.0
8	30963.0	24098.0
9	30847.0	24067.0
10	30145.0	24466.0
11	30279.0	24224.0
12	29954.0	24508.0
13	30109.0	24909.0
14	29942.0	24702.0
15	29651.0	24971.0
16	29590.0	25080.0
17	29272.0	25473.0
18	29389.0	25239.0
19	29272.0	25832.0
20	28813.0	25767.0
21	28779.0	25997.0
22	28635.0	26506.0
23	28419.0	26282.0
24	28222.0	26573.0
25	28432.0	26522.0
26	28084.0	26654.0
27	27952.0	27063.0
28	27992.0	27008.0
29	27748.0	27193.0
30	27576.0	27239.0
31	27350.0	27751.0
32	27921.0	28172.0
33	27100.0	28143.0
34	27338.0	28947.0
35	27268.0	28636.0
36	26859.0	28838.0
37	27005.0	28950.0
38	26752.0	28655.0
39	26577.0	28469.0
40	26817.0	28645.0
41	26608.0	28436.0
42	26736.0	28663.0
43	26507.0	28411.0
44	26378.0	28527.0
45	26352.0	28611.0
46	26330.0	28636.0
47	26065.0	28788.0
48	25962.0	28693.0
49	26097.0	28751.0
50	25438.0	28948.0
51	25778.0	28882.0
52	25584.0	28882.0
53	25838.0	29074.0
54	25588.0	29049.0
55	25264.0	29012.0
56	25516.0	29178.0
57	25421.0	28977.0
58	25171.0	28870.0
59	24912.0	28735.0
60	25081.0	29070.0
61	25185.0	29058.0
62	25014.0	29010.0
63	24608.0	29205.0
64	24726.0	29302.0
65	24816.0	29000.0
66	24690.0	29355.0
67	24660.0	29023.0
68	24745.0	29234.0
69	24569.0	28807.0
70	24419.0	29090.0
71	24075.0	28834.0
72	24460.0	28856.0
73	24504.0	28694.0
74	24434.0	28993.0
75	24210.0	29204.0
76	24113.0	28550.0
77	24054.0	28783.0
78	23967.0	28640.0
79	23743.0	28764.0
80	23930.0	28754.0
81	23800.0	28642.0
82	23744.0	28572.0
83	23667.0	28725.0
84	23584.0	28488.0
85	23577.0	28366.0
86	23357.0	28566.0
87	23228.0	28379.0
88	23573.0	28574.0
89	23234.0	28818.0
90	23233.0	28537.0
91	23395.0	28360.0
92	23072.0	28425.0
93	23029.0	28463.0
94	23037.0	28317.0
95	23134.0	28332.0
96	22963.0	27780.0
97	23015.0	28150.0
98	22866.0	28675.0
99	23149.0	27817.0
100	22764.0	27861.0
101	23100.0	28127.0
102	22870.0	27920.0
103	22727.0	27645.0
104	22788.0	27730.0
105	22432.0	27630.0
106	22772.0	27644.0
107	22762.0	27435.0
108	22675.0	27520.0
109	22620.0	27788.0
110	22696.0	27363.0
111	22318.0	27451.0
112	22405.0	27486.0
113	22316.0	27431.0
114	22460.0	27109.0
115	22452.0	27299.0
116	22323.0	27175.0
117	22304.0	27180.0
118	22413.0	27391.0
119	22355.0	26864.0
120	22150.0	26791.0
121	22352.0	26614.0
122	22295.0	26902.0
123	22256.0	26842.0
124	21868.0	26540.0
125	21938.0	26926.0
126	21754.0	26645.0
127	22018.0	26413.0
128	22086.0	26180.0
129	22032.0	26194.0
130	21644.0	26522.0
131	22037.0	26288.0
132	22048.0	25992.0
133	21859.0	26060.0
134	21763.0	26009.0
135	21787.0	26201.0
136	21522.0	26074.0
137	21600.0	25670.0
138	21861.0	25860.0
139	21505.0	25665.0
140	21621.0	25413.0
141	21662.0	25457.0
142	21672.0	25461.0
143	21801.0	25251.0
144	21532.0	25348.0
145	21257.0	25513.0
146	21539.0	25450.0
147	21303.0	25192.0
148	21428.0	25645.0
149	21576.0	25203.0
150	21528.0	25011.0
151	21321.0	24962.0
152	21430.0	24911.0
153	21393.0	25170.0
154	21267.0	25009.0
155	21420.0	24639.0
156	21291.0	24539.0
157	21339.0	24357.0
158	21178.0	24153.0
159	21110.0	24217.0
160	21260.0	24711.0
161	21310.0	24559.0
162	20980.0	24286.0
163	21042.0	24176.0
164	21329.0	24132.0
165	21449.0	24232.0
166	21204.0	24109.0
167	21157.0	24019.0
168	21073.0	24232.0
169	21236.0	23834.0
170	21285.0	23948.0
171	21038.0	23883.0
172	21137.0	23517.0
173	20915.0	23568.0
174	20931.0	23674.0
175	21058.0	23505.0
176	21191.0	23431.0
177	20899.0	23444.0
178	20914.0	23674.0
179	20856.0	23434.0
180	21055.0	23374.0
181	21079.0	23401.0
182	20946.0	23365.0
183	20889.0	23009.0
184	20735.0	23397.0
185	21029.0	22915.0
186	20976.0	23234.0
187	20971.0	22814.0
188	21020.0	22883.0
189	20956.0	23105.0
190	21004.0	22745.0
191	20898.0	22774.0
192	20986.0	23161.0
193	21180.0	23132.0
194	20864.0	22894.0
195	20760.0	23068.0
196	20831.0	22511.0
197	20952.0	22644.0
198	20844.0	22350.0
199	20819.0	22505.0
200	20858.0	22338.0
201	20953.0	22668.0
202	21063.0	22670.0
203	20832.0	22473.0
204	20985.0	22298.0
205	20896.0	22609.0
206	20842.0	22119.0
207	20813.0	22095.0
208	20669.0	22316.0
209	20679.0	22151.0
210	20813.0	22204.0
211	20828.0	22299.0
212	20464.0	21835.0
213	20733.0	22100.0
214	20529.0	22109.0
215	20628.0	22251.0
216	20742.0	21833.0
217	21100.0	21855.0
218	20825.0	21836.0
219	20675.0	21668.0
220	20594.0	21783.0
221	20685.0	22099.0
222	20723.0	22004.0
223	20514.0	21840.0
224	20815.0	21967.0
225	20745.0	21706.0
226	20604.0	21657.0
227	20835.0	21823.0
228	20533.0	21807.0
229	20563.0	21638.0
230	20682.0	21683.0
231	20772.0	21731.0
232	20560.0	21647.0
233	20575.0	21385.0
234	20484.0	21890.0
235	20545.0	21647.0
236	20294.0	21694.0
237	20749.0	21453.0
238	20325.0	21709.0
239	20578.0	21634.0
240	20169.0	21444.0
241	20427.0	21698.0
242	20337.0	21484.0
243	20570.0	21230.0
244	20315.0	21337.0
245	20639.0	21532.0
246	20486.0	21343.0
247	20398.0	21385.0
248	20262.0	21195.0
249	20268.0	21285.0
250	20226.0	21378.0
251	20838.0	21374.0
252	20566.0	21226.0
253	20584.0	21354.0
254	20501.0	21386.0
255	20651.0	21336.0
256	20370.0	21308.0
257	20541.0	21224.0
258	20221.0	21119.0
259	20402.0	20918.0
260	20235.0	21490.0
261	20296.0	21059.0
262	20360.0	21135.0
263	20323.0	21232.0
264	20600.0	21138.0
265	20527.0	21136.0
266	20261.0	21052.0
267	20303.0	20860.0
268	20173.0	20925.0
269	20256.0	21023.0
270	20375.0	21045.0
271	20267.0	21212.0
272	20358.0	20912.0
273	20254.0	21013.0
274	20042.0	20724.0
275	20367.0	20985.0
276	20245.0	20880.0
277	20038.0	20771.0
278	20364.0	20964.0
279	20162.0	20913.0
280	20228.0	20964.0
281	20252.0	20766.0
282	20327.0	20659.0
283	20320.0	20742.0
284	20210.0	20783.0
285	20238.0	20717.0
286	20330.0	21117.0
287	20032.0	20739.0
288	19994.0	20818.0
289	20093.0	20747.0
290	20134.0	20692.0
291	20170.0	20952.0
292	20046.0	20909.0
293	20292.0	20607.0
294	20166.0	20949.0
295	19904.0	20768.0
296	19813.0	20526.0
297	20025.0	20691.0
298	19935.0	20762.0
299	20102.0	21061.0
300	20156.0	20677.0
301	20114.0	20739.0
302	20215.0	20788.0
303	20113.0	20770.0
304	19911.0	20798.0
305	19864.0	20732.0
306	20021.0	20771.0
307	20436.0	20407.0
308	19921.0	20588.0
309	20051.0	20487.0
310	20065.0	20602.0
311	20053.0	20740.0
312	19872.0	20525.0
313	19799.0	20746.0
314	19961.0	20725.0
315	19921.0	20486.0
316	20235.0	20334.0
317	20244.0	20370.0
318	19946.0	20453.0
319	20045.0	20806.0
320	19783.0	20486.0
321	19803.0	20638.0
322	19999.0	20508.0
323	19917.0	20588.0
324	19859.0	20500.0
325	19757.0	20595.0
326	19755.0	20437.0
327	19813.0	20617.0
328	19828.0	20513.0
329	19772.0	20625.0
330	19623.0	20453.0
331	19870.0	20458.0
332	19696.0	20274.0
333	19650.0	20493.0
334	19858.0	20496.0
335	19812.0	20171.0
336	19593.0	20425.0
337	19815.0	20428.0
338	19857.0	20492.0
339	19904.0	20412.0
340	19847.0	20403.0
341	19944.0	20273.0
342	19621.0	20525.0
343	19696.0	20466.0
344	19715.0	20590.0
345	19763.0	20303.0
346	19770.0	20274.0
347	19764.0	20343.0
348	19758.0	20451.0
349	19920.0	20378.0
350	19720.0	20352.0
351	19894.0	20509.0
352	19727.0	20341.0
353	19843.0	20137.0
354	19888.0	20139.0
355	19716.0	20285.0
356	19716.0	20432.0
357	19737.0	20020.0
358	19521.0	20124.0
359	19829.0	20393.0
360	19843.0	20267.0
361	19768.0	20159.0
362	19708.0	20267.0
363	19640.0	20020.0
364	19546.0	19997.0
365	19696.0	20357.0
366	19679.0	20074.0
367	19853.0	20023.0
368	19657.0	19885.0
369	19722.0	20194.0
370	19563.0	20116.0
371	19606.0	20149.0
372	19317.0	20176.0
373	19821.0	20267.0
374	19600.0	20098.0
375	19708.0	20210.0
376	19572.0	20139.0
377	19476.0	20097.0
378	19618.0	20075.0
379	19644.0	20211.0
380	19712.0	19933.0
381	19492.0	19889.0
382	19766.0	20123.0
383	19617.0	19974.0
384	19676.0	20107.0
385	19511.0	20140.0
386	19378.0	20235.0
387	19511.0	20199.0
388	19888.0	19983.0
389	19377.0	20283.0
390	19429.0	20336.0
391	19647.0	19783.0
392	19600.0	19908.0
393	19627.0	20185.0
394	19635.0	20181.0
395	19747.0	20033.0
396	19381.0	20189.0
397	19575.0	19839.0
398	19477.0	19958.0
399	19362.0	20207.0
400	19548.0	19844.0
401	19536.0	20288.0
402	19651.0	20095.0
403	19435.0	20213.0
404	19556.0	19966.0
405	19471.0	19894.0
406	19571.0	20071.0
407	19568.0	19645.0
408	19504.0	19938.0
409	19417.0	19938.0
410	19450.0	20028.0
411	19566.0	19947.0
412	19284.0	19930.0
413	19374.0	20060.0
414	19462.0	20016.0
415	19510.0	19852.0
416	19536.0	19844.0
417	19619.0	19803.0
418	19422.0	19882.0
419	19279.0	19858.0
420	19447.0	19905.0
421	19436.0	20065.0
422	19370.0	19967.0
423	19530.0	19888.0
424	19518.0	19784.0
425	19407.0	19698.0
426	19391.0	19768.0
427	19289.0	19730.0
428	19326.0	19785.0
429	19596.0	19469.0
430	19604.0	19887.0
431	19345.0	19517.0
432	19439.0	19781.0
433	19457.0	19849.0
434	19196.0	20106.0
435	19291.0	19743.0
436	19467.0	19961.0
437	19243.0	19897.0
438	19365.0	20070.0
439	19181.0	19691.0
440	19489.0	19516.0
441	19271.0	19749.0
442	19291.0	19626.0
443	19453.0	19740.0
444	19215.0	19604.0
445	19183.0	19646.0
446	19169.0	19440.0
447	19424.0	19560.0
448	19440.0	19637.0
449	19333.0	19662.0
450	19170.0	19498.0
451	19394.0	19721.0
452	19266.0	19653.0
453	19356.0	19425.0
454	19246.0	19398.0
455	19401.0	19620.0
456	19281.0	19468.0
457	19289.0	19318.0
458	19525.0	19548.0
459	19151.0	20014.0
460	19257.0	19650.0
461	19330.0	19636.0
462	19409.0	19687.0
463	19140.0	19647.0
464	19406.0	19418.0
465	19271.0	19539.0
466	19139.0	19674.0
467	19358.0	19382.0
468	19017.0	19477.0
469	19373.0	19524.0
470	19218.0	19736.0
471	19261.0	19757.0
472	19319.0	19743.0
473	19391.0	19591.0
474	19186.0	19531.0
475	19125.0	19745.0
476	19320.0	19639.0
477	19202.0	19529.0
478	19107.0	19532.0
479	19337.0	19556.0
480	18962.0	19542.0
481	19123.0	19499.0
482	18960.0	19644.0
483	19092.0	19860.0
484	18900.0	19702.0
485	19147.0	19591.0
486	19151.0	19416.0
487	19106.0	19386.0
488	19045.0	19675.0
489	19096.0	19391.0
490	19009.0	19707.0
491	19024.0	19392.0
492	19076.0	19585.0
493	19281.0	19654.0
494	19014.0	19330.0
495	19276.0	19410.0
496	19231.0	19515.0
497	19006.0	19701.0
498	18996.0	19489.0
499	19206.0	19466.0
500	19075.0	19451.0
501	19103.0	19376.0
502	19186.0	19113.0
503	18987.0	19318.0
504	18780.0	19384.0
505	19053.0	19461.0
506	19156.0	19442.0
507	18881.0	19251.0
508	18710.0	19238.0
509	19018.0	19326.0
510	19138.0	19282.0
511	19053.0	19172.0
512	19009.0	19389.0
513	18821.0	19246.0
514	19168.0	19485.0
515	19161.0	19319.0
516	19031.0	19293.0
517	18881.0	19660.0
518	19090.0	19333.0
519	18947.0	19463.0
520	18941.0	19578.0
521	18917.0	19108.0
522	18773.0	19249.0
523	18902.0	19079.0
524	18695.0	19300.0
525	19190.0	19172.0
526	18943.0	19214.0
527	18689.0	19284.0
528	18790.0	19233.0
529	18977.0	19247.0
530	18761.0	19210.0
531	18586.0	19409.0
532	18664.0	19338.0
533	18710.0	19347.0
534	18825.0	19391.0
535	18885.0	19332.0
536	18699.0	19183.0
537	18440.0	19111.0
538	18734.0	19433.0
539	18908.0	19305.0
540	18850.0	19289.0
541	18929.0	19364.0
542	18761.0	19112.0
543	19008.0	19458.0
544	19031.0	19190.0
545	18932.0	19238.0
546	18760.0	19274.0
547	18726.0	19068.0
548	18932.0	19270.0
549	18794.0	19370.0
550	18839.0	19107.0
551	18752.0	19218.0
552	18879.0	19430.0
553	18818.0	19223.0
554	18737.0	19225.0
555	18959.0	19234.0
556	18867.0	19179.0
557	18646.0	19376.0
558	19012.0	19113.0
559	18631.0	19242.0
560	18672.0	19271.0
561	18906.0	19010.0
562	18996.0	19084.0
563	18400.0	19024.0
564	18735.0	19222.0
565	18707.0	19238.0
566	18700.0	19224.0
567	18688.0	19146.0
568	19018.0	19120.0
569	18901.0	19192.0
570	18981.0	19101.0
571	18760.0	19056.0
572	18895.0	19124.0
573	18626.0	18945.0
574	18708.0	18945.0
575	18692.0	19019.0
576	18734.0	19150.0
577	18924.0	19103.0
578	18641.0	18923.0
579	18826.0	19003.0
580	18681.0	19130.0
581	18757.0	18686.0
582	18714.0	19036.0
583	18907.0	19123.0
584	18692.0	19290.0
585	18587.0	19095.0
586	18847.0	19051.0
587	18748.0	19109.0
588	18982.0	18967.0
589	18684.0	19156.0
590	18582.0	18964.0
591	18601.0	19105.0
592	18598.0	19159.0
593	18792.0	19091.0
594	18975.0	19184.0
595	18801.0	19026.0
596	18548.0	19120.0
597	18753.0	18881.0
598	18694.0	18758.0
599	18694.0	18823.0
600	18818.0	18808.0
601	18614.0	18862.0
602	18689.0	19349.0
603	18482.0	18832.0
604	18802.0	18751.0
605	18715.0	18982.0
606	18773.0	19001.0
607	18537.0	19049.0
608	18642.0	19232.0
609	18690.0	18919.0
610	18573.0	18895.0
611	18773.0	18821.0
612	18606.0	19159.0
613	18741.0	18943.0
614	18848.0	19161.0
615	18555.0	19050.0
616	18474.0	18949.0
617	18741.0	18855.0
618	18207.0	18986.0
619	18642.0	18969.0
620	18699.0	18952.0
621	18762.0	18781.0
622	18688.0	19040.0
623	18683.0	18710.0
624	18499.0	18735.0
625	18726.0	18674.0
626	18820.0	18792.0
627	18355.0	18828.0
628	18498.0	19145.0
629	18526.0	18929.0
630	18637.0	19032.0
631	18647.0	18856.0
632	18506.0	18814.0
633	18503.0	18867.0
634	18558.0	18654.0
635	18717.0	18534.0
636	18622.0	18694.0
637	18786.0	19056.0
638	18595.0	19058.0
639	18569.0	18618.0
640	18547.0	18759.0
641	18361.0	18758.0
642	18567.0	18582.0
643	18656.0	18784.0
644	18576.0	18826.0
645	18577.0	18816.0
646	18424.0	18904.0
647	18161.0	18876.0
648	18219.0	18914.0
649	18489.0	18896.0
650	18512.0	18793.0
651	18463.0	18851.0
652	18430.0	18781.0
653	18420.0	18809.0
654	18662.0	18696.0
655	18507.0	18880.0
656	18495.0	18674.0
657	18467.0	18782.0
658	18612.0	18687.0
659	18673.0	18877.0
660	18426.0	18957.0
661	18363.0	18798.0
662	18423.0	18738.0
663	18594.0	18976.0
664	18363.0	18804.0
665	18443.0	18803.0
666	18406.0	18622.0
667	18509.0	18895.0
668	18270.0	18710.0
669	18457.0	18591.0
670	18167.0	18669.0
671	18443.0	18912.0
672	18469.0	18591.0
673	18646.0	18519.0
674	18468.0	18654.0
675	18301.0	18699.0
676	18484.0	18594.0
677	18675.0	18664.0
678	18500.0	18758.0
679	18530.0	18764.0
680	18501.0	18476.0
681	18315.0	18893.0
682	18331.0	18889.0
683	18483.0	18769.0
684	18310.0	18876.0
685	18334.0	18766.0
686	18365.0	18625.0
687	18594.0	18536.0
688	18489.0	18676.0
689	18471.0	18333.0
690	18244.0	18779.0
691	18441.0	18740.0
692	18465.0	18744.0
693	18189.0	18506.0
694	18481.0	18740.0
695	18208.0	18725.0
696	18413.0	18668.0
697	18317.0	18620.0
698	18379.0	18590.0
699	18337.0	18365.0
700	18610.0	18625.0
701	18301.0	18451.0
702	18440.0	18577.0
703	18482.0	18718.0
704	18583.0	18541.0
705	18543.0	18782.0
706	18317.0	18810.0
707	18396.0	18577.0
708	18542.0	18399.0
709	18347.0	18239.0
710	18331.0	18334.0
711	18791.0	18495.0
712	18372.0	18376.0
713	18432.0	18342.0
714	18498.0	18374.0
715	18421.0	18453.0
716	18550.0	18503.0
717	18421.0	18582.0
718	18189.0	18552.0
719	18594.0	18776.0
720	18221.0	18576.0
721	18565.0	18373.0
722	18551.0	18587.0
723	18343.0	18378.0
724	18188.0	18566.0
725	18321.0	18754.0
726	18353.0	18628.0
727	18463.0	18558.0
728	18452.0	18618.0
729	18206.0	18350.0
730	18319.0	18529.0
731	18531.0	18593.0
732	18240.0	18693.0
733	18482.0	18764.0
734	18389.0	18600.0
735	18282.0	18576.0
736	18421.0	18454.0
737	18400.0	18471.0
738	18195.0	18692.0
739	18444.0	18452.0
740	18244.0	18563.0
741	18318.0	18368.0
742	18526.0	18336.0
743	18284.0	18626.0
744	18440.0	18699.0
745	18439.0	18317.0
746	18527.0	18194.0
747	18706.0	18384.0
748	18574.0	18440.0
749	18357.0	18461.0
750	18130.0	18484.0
751	18307.0	18608.0
752	18512.0	18367.0
753	18260.0	18591.0
754	18370.0	18434.0
755	18242.0	18489.0
756	18189.0	18689.0
757	18388.0	18507.0
758	18451.0	18438.0
759	18572.0	18480.0
760	18291.0	18579.0
761	18004.0	18429.0
762	18343.0	18489.0
763	18231.0	18446.0
764	18456.0	18734.0
765	18433.0	18509.0
766	18226.0	18565.0
767	18252.0	18187.0
768	18347.0	18518.0
769	18522.0	18140.0
770	18165.0	18405.0
771	18403.0	18431.0
772	18534.0	18647.0
773	18331.0	18592.0
774	18278.0	18500.0
775	18385.0	18416.0
776	18307.0	18558.0
777	18090.0	18579.0
778	18089.0	18367.0
779	18226.0	18246.0
780	18384.0	18481.0
781	18287.0	18583.0
782	18099.0	18506.0
783	18196.0	18318.0
784	18319.0	18515.0
785	18228.0	18408.0
786	18316.0	18707.0
787	18368.0	18487.0
788	18503.0	18259.0
789	18404.0	18407.0
790	18153.0	18567.0
791	18318.0	18420.0
792	18125.0	18633.0
793	18473.0	18330.0
794	18240.0	18225.0
795	18409.0	18278.0
796	18137.0	18501.0
797	18269.0	18629.0
798	18283.0	18521.0
799	18019.0	18513.0
800	18098.0	18368.0
801	18200.0	18345.0
802	18384.0	18573.0
803	18204.0	18490.0
804	18163.0	18541.0
805	18282.0	18509.0
806	18243.0	18581.0
807	18100.0	18549.0
808	18107.0	18533.0
809	17967.0	18479.0
810	18100.0	18571.0
811	18297.0	18358.0
812	18063.0	18387.0
813	18062.0	18434.0
814	18033.0	18408.0
815	18239.0	18445.0
816	18138.0	18271.0
817	18209.0	18378.0
818	18171.0	18441.0
819	18159.0	18327.0
820	18238.0	18496.0
821	18091.0	18460.0
822	18016.0	18334.0
823	18186.0	18578.0
824	17974.0	18276.0
825	18360.0	18218.0
826	18008.0	18331.0
827	18270.0	18441.0
828	18172.0	18526.0
829	18197.0	18452.0
830	18200.0	18231.0
831	18097.0	18415.0
832	17966.0	18293.0
833	18202.0	18252.0
834	18116.0	18157.0
835	18029.0	18270.0
836	18286.0	18571.0
837	18231.0	18433.0
838	18007.0	18473.0
839	18261.0	18411.0
840	18098.0	18413.0
841	17951.0	18455.0
842	18322.0	18324.0
843	18125.0	18571.0
844	18123.0	18314.0
845	18230.0	18154.0
846	18084.0	18407.0
847	18229.0	18382.0
848	18104.0	18251.0
849	18044.0	18242.0
850	17954.0	18285.0
851	18115.0	18393.0
852	18110.0	18303.0
853	17919.0	18129.0
854	18083.0	18223.0
855	18188.0	18221.0
856	18234.0	18332.0
857	18185.0	18501.0
858	18017.0	18120.0
859	18099.0	18428.0
860	18272.0	18080.0
861	18141.0	18117.0
862	18135.0	18238.0
863	18280.0	18524.0
864	18104.0	18063.0
865	18092.0	18266.0
866	18079.0	18306.0
867	18043.0	18081.0
868	17944.0	18254.0
869	18093.0	18267.0
870	18010.0	18379.0
871	18125.0	18392.0
872	18129.0	18241.0
873	18130.0	18154.0
874	18310.0	18198.0
875	18180.0	18251.0
876	18055.0	18224.0
877	18181.0	18251.0
878	18114.0	18472.0
879	18360.0	18303.0
880	18166.0	18300.0
881	18112.0	18155.0
882	17993.0	18265.0
883	17866.0	18244.0
884	18344.0	18311.0
885	18374.0	18200.0
886	17904.0	18112.0
887	18195.0	18164.0
888	18096.0	18152.0
889	18064.0	18209.0
890	17977.0	18234.0
891	18149.0	18399.0
892	18014.0	18331.0
893	18098.0	18339.0
894	18465.0	18134.0
895	17999.0	18284.0
896	18378.0	18298.0
897	18208.0	18141.0
898	18022.0	18236.0
899	18019.0	18395.0
900	18106.0	18266.0
901	17916.0	18250.0
902	17969.0	18007.0
903	17907.0	18292.0
904	18024.0	18199.0
905	18126.0	18290.0
906	17882.0	18116.0
907	17804.0	18299.0
908	18205.0	18186.0
909	18093.0	18288.0
910	18404.0	18322.0
911	18003.0	18206.0
912	18078.0	18250.0
913	18236.0	18364.0
914	18023.0	18295.0
915	18146.0	18295.0
916	18213.0	18197.0
917	18215.0	18227.0
918	17931.0	18426.0
919	17909.0	18289.0
920	18023.0	18418.0
921	17937.0	18199.0
922	18177.0	18257.0
923	18073.0	18177.0
924	17491.0	18157.0
925	18142.0	18071.0
926	18156.0	18283.0
927	18033.0	18139.0
928	17953.0	18357.0
929	17920.0	18379.0
930	17978.0	17995.0
931	18176.0	18362.0
932	17888.0	18222.0
933	17988.0	18114.0
934	18002.0	18281.0
935	18109.0	18317.0
936	17885.0	17965.0
937	17981.0	18217.0
938	18001.0	18152.0
939	18009.0	18143.0
940	18079.0	17999.0
941	17904.0	17986.0
942	18062.0	18238.0
943	17803.0	18114.0
944	17965.0	18239.0
945	17962.0	18295.0
946	17950.0	18348.0
947	17988.0	18223.0
948	17858.0	18247.0
949	17931.0	18195.0
950	17832.0	18137.0
951	17857.0	18227.0
952	18016.0	18188.0
953	17903.0	18280.0
954	18157.0	18263.0
955	17822.0	18148.0
956	17896.0	18128.0
957	17950.0	17986.0
958	18037.0	18125.0
959	17987.0	18127.0
960	18067.0	18149.0
961	17658.0	18040.0
962	18039.0	18191.0
963	18277.0	18111.0
964	18012.0	18097.0
965	17966.0	18350.0
966	18000.0	18215.0
967	18006.0	18182.0
968	18036.0	18004.0
969	17928.0	18005.0
970	18189.0	18051.0
971	18054.0	18028.0
972	17913.0	17984.0
973	18032.0	17961.0
974	17904.0	18137.0
975	18000.0	17896.0
976	17946.0	18185.0
977	17880.0	18089.0
978	17930.0	18132.0
979	17842.0	18048.0
980	17858.0	18196.0
981	17840.0	18083.0
982	17900.0	18306.0
983	17888.0	18093.0
984	18242.0	18316.0
985	17999.0	18055.0
986	17914.0	18122.0
987	17958.0	18002.0
988	17925.0	18020.0
989	17678.0	17816.0
990	17700.0	18205.0
991	17892.0	18079.0
992	18071.0	18000.0
993	17786.0	18090.0
994	18057.0	17852.0
995	17804.0	18047.0
996	17788.0	17976.0
997	17774.0	17954.0
998	17883.0	17926.0
999	17828.0	18060.0
1000	17940.0	17819.0
1001	17908.0	17937.0
1002	17814.0	17971.0
1003	17924.0	18036.0
1004	18117.0	18214.0
1005	17705.0	17974.0
1006	18022.0	18107.0
1007	17849.0	18043.0
1008	17781.0	17995.0
1009	17905.0	18026.0
1010	17870.0	17998.0
1011	18138.0	17943.0
1012	17826.0	17964.0
1013	17894.0	18052.0
1014	17994.0	17948.0
1015	17955.0	17965.0
1016	17850.0	17953.0
1017	18061.0	18045.0
1018	18089.0	17930.0
1019	17886.0	18146.0
1020	18143.0	18032.0
1021	17694.0	17864.0
1022	17887.0	17735.0
1023	17725.0	18158.0
1024	17811.0	17966.0
1025	17808.0	18095.0
1026	17938.0	18149.0
1027	17869.0	18006.0
1028	17583.0	18231.0
1029	17786.0	18180.0
1030	17925.0	18062.0
1031	17674.0	18264.0
1032	17819.0	17955.0
1033	17966.0	17925.0
1034	17861.0	17913.0
1035	17860.0	17895.0
1036	17933.0	17675.0
1037	17745.0	18054.0
1038	17658.0	17996.0
1039	17824.0	17806.0
1040	17796.0	18165.0
1041	17809.0	17862.0
1042	17872.0	18078.0
1043	18032.0	18285.0
1044	18012.0	17832.0
1045	17799.0	17813.0
1046	17747.0	17935.0
1047	17772.0	17822.0
1048	17763.0	17865.0
1049	17944.0	18080.0
1050	17893.0	17828.0
1051	17799.0	18046.0
1052	17858.0	18014.0
1053	17954.0	17844.0
1054	17861.0	18217.0
1055	17695.0	17902.0
1056	17688.0	17837.0
1057	18182.0	17747.0
1058	18034.0	18068.0
1059	17955.0	17876.0
1060	17823.0	17753.0
1061	17748.0	17880.0
1062	17947.0	17805.0
1063	17896.0	17594.0
1064	17599.0	17809.0
1065	17533.0	17857.0
1066	17677.0	17872.0
1067	17673.0	18165.0
1068	17687.0	17910.0
1069	17863.0	17890.0
1070	17749.0	17986.0
1071	17520.0	18013.0
1072	17832.0	18018.0
1073	17818.0	17912.0
1074	17761.0	17951.0
1075	17801.0	17902.0
1076	17721.0	17816.0
1077	17613.0	17824.0
1078	17613.0	17930.0
1079	17790.0	17800.0
1080	17818.0	17734.0
1081	17536.0	18013.0
1082	17775.0	17816.0
1083	17786.0	17761.0
1084	17712.0	18082.0
1085	17775.0	17864.0
1086	17770.0	17787.0
1087	17789.0	17969.0
1088	17563.0	17744.0
1089	17704.0	17914.0
1090	17672.0	17904.0
1091	17909.0	17799.0
1092	17588.0	17630.0
1093	17697.0	17951.0
1094	17684.0	17764.0
1095	17656.0	17883.0
1096	17791.0	17896.0
1097	17591.0	17798.0
1098	17679.0	17880.0
1099	18083.0	18038.0
1100	17822.0	17732.0
1101	17812.0	17647.0
1102	17914.0	17819.0
1103	17511.0	17771.0
1104	17758.0	17890.0
1105	17838.0	17896.0
1106	17567.0	17864.0
1107	17467.0	17684.0
1108	17682.0	18007.0
1109	17642.0	17805.0
1110	17652.0	17898.0
1111	17836.0	17722.0
1112	17657.0	17729.0
1113	17775.0	18125.0
1114	17659.0	17777.0
1115	17795.0	17950.0
1116	17739.0	18170.0
1117	17614.0	17982.0
1118	17874.0	17903.0
1119	17670.0	17631.0
1120	17810.0	17905.0
1121	17715.0	17757.0
1122	17859.0	17930.0
1123	17640.0	18019.0
1124	17872.0	18134.0
1125	17575.0	17689.0
1126	17708.0	17929.0
1127	17764.0	17969.0
1128	17773.0	17850.0
1129	17844.0	18070.0
1130	17782.0	17791.0
1131	17725.0	17922.0
1132	17557.0	17601.0
1133	17656.0	17862.0
1134	17598.0	17723.0
1135	17772.0	18087.0
1136	17684.0	17769.0
1137	17728.0	17687.0
1138	17762.0	18039.0
1139	17562.0	17778.0
1140	17839.0	17824.0
1141	17693.0	18079.0
1142	17813.0	17648.0
1143	17464.0	18031.0
1144	17634.0	17926.0
1145	17693.0	17744.0
1146	17734.0	18140.0
1147	17625.0	17909.0
1148	17789.0	17830.0
1149	17604.0	17897.0
1150	17840.0	17736.0
1151	17656.0	17910.0
1152	17658.0	18044.0
1153	17702.0	17944.0
1154	17922.0	17941.0
1155	17588.0	17824.0
1156	17803.0	18012.0
1157	17717.0	17719.0
1158	17669.0	17662.0
1159	17454.0	17679.0
1160	17830.0	17932.0
1161	17429.0	17678.0
1162	17620.0	17882.0
1163	17943.0	17730.0
1164	17687.0	17712.0
1165	17768.0	17753.0
1166	17497.0	17786.0
1167	17768.0	17799.0
1168	17522.0	17682.0
1169	17506.0	17731.0
1170	17758.0	17814.0
1171	17603.0	18037.0
1172	17650.0	17660.0
1173	17567.0	17835.0
1174	17606.0	17609.0
1175	17672.0	17694.0
1176	17656.0	17619.0
1177	17647.0	17707.0
1178	17654.0	17871.0
1179	17717.0	17696.0
1180	17745.0	17709.0
1181	17587.0	17628.0
1182	17498.0	17943.0
1183	17748.0	17950.0
1184	17405.0	17954.0
1185	17700.0	17697.0
1186	17504.0	17680.0
1187	17556.0	17777.0
1188	17626.0	17750.0
1189	17549.0	17861.0
1190	17393.0	17669.0
1191	17572.0	17824.0
1192	17612.0	17482.0
1193	17479.0	17930.0
1194	17816.0	17683.0
1195	17628.0	17478.0
1196	17794.0	17635.0
1197	17667.0	17841.0
1198	17460.0	17578.0
1199	17400.0	17696.0
1200	17408.0	17539.0
1201	17461.0	17517.0
1202	17613.0	17829.0
1203	17585.0	17820.0
1204	17630.0	17955.0
1205	17735.0	17692.0
1206	17767.0	17640.0
1207	17296.0	17786.0
1208	17669.0	17758.0
1209	17674.0	17520.0
1210	17543.0	17691.0
1211	17449.0	17467.0
1212	17517.0	17783.0
1213	17630.0	17730.0
1214	17618.0	17787.0
1215	17516.0	17576.0
1216	17510.0	17651.0
1217	17581.0	17741.0
1218	17513.0	17522.0
1219	17263.0	17786.0
1220	17558.0	17853.0
1221	17626.0	17627.0
1222	17577.0	17754.0
1223	17333.0	17533.0
1224	17570.0	17495.0
1225	17296.0	17688.0
1226	17427.0	17654.0
1227	17463.0	17591.0
1228	17433.0	17755.0
1229	17528.0	17744.0
1230	17400.0	17582.0
1231	17239.0	17589.0
1232	17296.0	17864.0
1233	17440.0	17823.0
1234	17528.0	17681.0
1235	17672.0	17804.0
1236	17485.0	17538.0
1237	17527.0	17667.0
1238	17375.0	17700.0
1239	17312.0	17547.0
1240	17401.0	17961.0
1241	17679.0	17788.0
1242	17491.0	17567.0
1243	17524.0	17737.0
1244	17368.0	17663.0
1245	17320.0	17765.0
1246	17598.0	17787.0
1247	17764.0	17700.0
1248	17692.0	17697.0
1249	17493.0	17595.0
1250	17605.0	17680.0
1251	17291.0	17762.0
1252	17594.0	17580.0
1253	17534.0	17481.0
1254	17588.0	17559.0
1255	17603.0	17667.0
1256	17476.0	17693.0
1257	17706.0	17454.0
1258	17382.0	17530.0
1259	17681.0	17503.0
1260	17455.0	17347.0
1261	17246.0	17602.0
1262	17393.0	17708.0
1263	17264.0	17538.0
1264	17342.0	17438.0
1265	17554.0	17653.0
1266	17237.0	17777.0
1267	17640.0	17565.0
1268	17590.0	17585.0
1269	17356.0	17592.0
1270	17376.0	17561.0
1271	17454.0	17709.0
1272	17609.0	17550.0
1273	17346.0	17355.0
1274	17476.0	17428.0
1275	17420.0	17785.0
1276	17280.0	17698.0
1277	17344.0	17567.0
1278	17476.0	17584.0
1279	17349.0	17605.0
1280	17342.0	17592.0
1281	17582.0	17482.0
1282	17411.0	17573.0
1283	17609.0	17559.0
1284	17300.0	17474.0
1285	17536.0	17600.0
1286	17636.0	17547.0
1287	17422.0	17644.0
1288	17471.0	17683.0
1289	17585.0	17637.0
1290	17422.0	17595.0
1291	17271.0	17728.0
1292	17536.0	17783.0
1293	17550.0	17567.0
1294	17195.0	17307.0
1295	17327.0	17432.0
1296	17380.0	17383.0
1297	17323.0	17588.0
1298	17382.0	17562.0
1299	17241.0	17539.0
1300	17352.0	17390.0
1301	17431.0	17754.0
1302	17453.0	17640.0
1303	17534.0	17547.0
1304	17330.0	17406.0
1305	17376.0	17550.0
1306	17492.0	17500.0
1307	17515.0	17551.0
1308	17245.0	17463.0
1309	17474.0	17574.0
1310	17196.0	17461.0
1311	17495.0	17526.0
1312	17315.0	17636.0
1313	17267.0	17312.0
1314	17515.0	17604.0
1315	17349.0	17643.0
1316	17448.0	17591.0
1317	17035.0	17723.0
1318	17365.0	17426.0
1319	17454.0	17427.0
1320	17310.0	17371.0
1321	17314.0	17670.0
1322	17710.0	17430.0
1323	17413.0	17441.0
1324	17410.0	17510.0
1325	17290.0	17435.0
1326	17330.0	17420.0
1327	17256.0	17485.0
1328	17463.0	17500.0
1329	17444.0	17440.0
1330	17280.0	17497.0
1331	17449.0	17387.0
1332	17400.0	17556.0
1333	17503.0	17286.0
1334	17214.0	17523.0
1335	17461.0	17512.0
1336	17557.0	17517.0
1337	17358.0	17448.0
1338	17484.0	17532.0
1339	17350.0	17556.0
1340	17568.0	17596.0
1341	17345.0	17346.0
1342	17369.0	17464.0
1343	17379.0	17400.0
1344	17423.0	17374.0
1345	17323.0	17554.0
1346	17417.0	17433.0
1347	17072.0	17443.0
1348	17320.0	17444.0
1349	17350.0	17198.0
1350	17371.0	17466.0
1351	17303.0	17448.0
1352	17369.0	17373.0
1353	17246.0	17377.0
1354	17380.0	17446.0
1355	17440.0	17484.0
1356	17453.0	17440.0
1357	17279.0	17426.0
1358	17399.0	17397.0
1359	17221.0	17483.0
1360	17265.0	17218.0
1361	17267.0	17406.0
1362	17242.0	17325.0
1363	17351.0	17459.0
1364	17223.0	17258.0
1365	17343.0	17521.0
1366	17009.0	17294.0
1367	17322.0	17316.0
1368	17232.0	17406.0
1369	17248.0	17374.0
1370	17214.0	17471.0
1371	17491.0	17356.0
1372	17258.0	17543.0
1373	17386.0	17369.0
1374	17358.0	17394.0
1375	17256.0	16971.0
1376	17158.0	17568.0
1377	17233.0	17413.0
1378	17442.0	17396.0
1379	17623.0	17606.0
1380	17428.0	17250.0
1381	16961.0	17549.0
1382	17232.0	17320.0
1383	17313.0	17437.0
1384	17289.0	17179.0
1385	17343.0	17144.0
1386	17217.0	17400.0
1387	17354.0	17616.0
1388	17313.0	17371.0
1389	17438.0	17258.0
1390	17243.0	17172.0
1391	17163.0	17260.0
1392	17245.0	17392.0
1393	17216.0	17277.0
1394	17445.0	17196.0
1395	17133.0	17496.0
1396	17161.0	17376.0
1397	17300.0	17384.0
1398	17189.0	17448.0
1399	17194.0	17248.0
1400	17050.0	17361.0
1401	17288.0	17350.0
1402	17269.0	17421.0
1403	17504.0	17272.0
1404	17179.0	17356.0
1405	17289.0	17436.0
1406	17367.0	17371.0
1407	17384.0	17380.0
1408	16877.0	17358.0
1409	17370.0	17393.0
1410	17081.0	17187.0
1411	17233.0	17619.0
1412	17314.0	17362.0
1413	17094.0	17456.0
1414	17018.0	17257.0
1415	17289.0	17425.0
1416	17412.0	17374.0
1417	17407.0	17360.0
1418	17074.0	17424.0
1419	17166.0	17507.0
1420	17061.0	17376.0
1421	17195.0	17276.0
1422	17362.0	17427.0
1423	17206.0	17377.0
1424	17095.0	17111.0
1425	17072.0	17254.0
1426	17246.0	17460.0
1427	17267.0	17312.0
1428	17012.0	17239.0
1429	17170.0	17405.0
1430	17170.0	17448.0
1431	17032.0	17332.0
1432	17363.0	17339.0
1433	17267.0	17207.0
1434	16932.0	17413.0
1435	17356.0	17351.0
1436	17048.0	17261.0
1437	17094.0	17430.0
1438	17306.0	17105.0
1439	17092.0	17299.0
1440	17201.0	17506.0
1441	16908.0	17182.0
1442	17199.0	17397.0
1443	17103.0	17429.0
1444	17048.0	17208.0
1445	17182.0	17191.0
1446	17238.0	17273.0
1447	17150.0	17454.0
1448	17158.0	17214.0
1449	17260.0	17404.0
1450	17332.0	17371.0
1451	17160.0	17170.0
1452	17064.0	17285.0
1453	17141.0	17266.0
1454	17092.0	17309.0
1455	17054.0	17450.0
1456	17075.0	17215.0
1457	17209.0	17314.0
1458	17016.0	17101.0
1459	17373.0	17314.0
1460	17315.0	17343.0
1461	16845.0	17286.0
1462	17029.0	17482.0
1463	17202.0	17208.0
1464	17229.0	17358.0
1465	17123.0	17456.0
1466	17138.0	17297.0
1467	17227.0	17072.0
1468	17226.0	17479.0
1469	17190.0	17279.0
1470	17376.0	17129.0
1471	17194.0	17373.0
1472	17100.0	17180.0
1473	17258.0	17508.0
1474	17151.0	17527.0
1475	17227.0	17194.0
1476	17294.0	17252.0
1477	17087.0	17266.0
1478	17079.0	17358.0
1479	17433.0	17351.0
1480	17267.0	17356.0
1481	17117.0	17499.0
1482	17256.0	17267.0
1483	16914.0	17311.0
1484	17191.0	17289.0
1485	17134.0	17202.0
1486	17328.0	17461.0
1487	17246.0	17320.0
1488	17116.0	17219.0
1489	17143.0	17133.0
1490	17021.0	17300.0
1491	17162.0	17097.0
1492	16985.0	17150.0
1493	17413.0	17174.0
1494	17327.0	17591.0
1495	16963.0	17150.0
1496	17134.0	17336.0
1497	17129.0	17290.0
1498	17132.0	17291.0
1499	17189.0	17130.0
1500	17105.0	17106.0
1501	17030.0	17503.0
1502	17186.0	17329.0
1503	17144.0	17268.0
1504	17108.0	17363.0
1505	17241.0	16972.0
1506	16954.0	17370.0
1507	17017.0	17319.0
1508	17247.0	17449.0
1509	17384.0	17330.0
1510	17096.0	17463.0
1511	17158.0	17205.0
1512	16951.0	17097.0
1513	17212.0	17488.0
1514	17376.0	17657.0
1515	17107.0	17254.0
1516	17017.0	17195.0
1517	16941.0	17387.0
1518	17333.0	17306.0
1519	17160.0	17098.0
1520	17036.0	17209.0
1521	17103.0	17453.0
1522	17253.0	17370.0
1523	17024.0	17410.0
1524	16894.0	17302.0
1525	17126.0	17060.0
1526	17119.0	17333.0
1527	17051.0	17239.0
1528	17037.0	17426.0
1529	17023.0	17251.0
1530	16942.0	17190.0
1531	16989.0	17211.0
1532	17006.0	17004.0
1533	16952.0	17283.0
1534	16880.0	17157.0
1535	16958.0	17193.0
1536	17074.0	17107.0
1537	16952.0	17148.0
1538	17268.0	17091.0
1539	17157.0	17476.0
1540	16857.0	17316.0
1541	17200.0	17425.0
1542	16918.0	17210.0
1543	16961.0	17457.0
1544	17099.0	17160.0
1545	17174.0	17065.0
1546	17060.0	17352.0
1547	16879.0	17415.0
1548	17145.0	17126.0
1549	16840.0	17320.0
1550	16815.0	17131.0
1551	17041.0	17258.0
1552	17070.0	17269.0
1553	17137.0	17086.0
1554	17035.0	17137.0
1555	17162.0	17369.0
1556	16987.0	17133.0
1557	17122.0	16992.0
1558	16977.0	17169.0
1559	17286.0	17144.0
1560	17095.0	17382.0
1561	17056.0	17024.0
1562	17185.0	17109.0
1563	17118.0	17175.0
1564	17088.0	16979.0
1565	17111.0	17178.0
1566	17102.0	17151.0
1567	16902.0	17169.0
1568	17173.0	17364.0
1569	17309.0	17157.0
1570	16931.0	17284.0
1571	17044.0	17140.0
1572	17107.0	17401.0
1573	17055.0	17305.0
1574	17120.0	17297.0
1575	17125.0	17245.0
1576	16982.0	17107.0
1577	16831.0	17200.0
1578	17060.0	17234.0
1579	17099.0	17088.0
1580	17216.0	17057.0
1581	16982.0	17171.0
1582	16820.0	17101.0
1583	17030.0	17120.0
1584	17274.0	16983.0
1585	17258.0	17087.0
1586	17288.0	17140.0
1587	16976.0	17309.0
1588	17163.0	16889.0
1589	16919.0	17024.0
1590	17257.0	17195.0
1591	17102.0	17168.0
1592	17178.0	17052.0
1593	17300.0	16985.0
1594	17156.0	17172.0
1595	16894.0	17229.0
1596	16988.0	17135.0
1597	17137.0	17243.0
1598	17252.0	17363.0
1599	17191.0	17170.0
1600	17141.0	17168.0
1601	17069.0	17167.0
1602	17182.0	17240.0
1603	17266.0	17279.0
1604	16977.0	17211.0
1605	17176.0	17194.0
1606	17078.0	17071.0
1607	16940.0	17147.0
1608	17047.0	17090.0
1609	17239.0	17058.0
1610	17040.0	17105.0
1611	16872.0	17253.0
1612	16965.0	17256.0
1613	17182.0	17189.0
1614	17044.0	17042.0
1615	17038.0	17075.0
1616	16867.0	17292.0
1617	16917.0	17001.0
1618	16921.0	17234.0
1619	16874.0	17361.0
1620	17029.0	17069.0
1621	16972.0	17431.0
1622	16824.0	16893.0
1623	17186.0	17124.0
1624	16994.0	17257.0
1625	17051.0	17163.0
1626	16909.0	17324.0
1627	16977.0	17100.0
1628	17058.0	16924.0
1629	17082.0	16962.0
1630	16923.0	17008.0
1631	17029.0	17123.0
1632	17030.0	17261.0
1633	16958.0	17091.0
1634	17090.0	16857.0
1635	16922.0	16836.0
1636	17144.0	17113.0
1637	16869.0	16987.0
1638	16948.0	17205.0
1639	17201.0	17173.0
1640	17292.0	17227.0
1641	16962.0	17047.0
1642	17098.0	17133.0
1643	16976.0	17072.0
1644	16943.0	17319.0
1645	16963.0	17077.0
1646	17013.0	17314.0
1647	17102.0	17338.0
1648	16841.0	16979.0
1649	16850.0	17149.0
1650	16963.0	16994.0
1651	16967.0	17207.0
1652	17044.0	17254.0
1653	16728.0	17110.0
1654	16993.0	16958.0
1655	16797.0	17111.0
1656	16909.0	16942.0
1657	17065.0	17024.0
1658	16676.0	17232.0
1659	17039.0	17322.0
1660	17007.0	16923.0
1661	17193.0	16958.0
1662	16897.0	17205.0
1663	17020.0	17006.0
1664	17319.0	17184.0
1665	16861.0	17166.0
1666	16927.0	17153.0
1667	17110.0	16984.0
1668	16825.0	16944.0
1669	17112.0	17136.0
1670	16837.0	17186.0
1671	16913.0	17088.0
1672	16841.0	17009.0
1673	16892.0	17018.0
1674	16832.0	17144.0
1675	16954.0	16949.0
1676	16788.0	17016.0
1677	16790.0	16952.0
1678	16929.0	16980.0
1679	17010.0	16986.0
1680	16815.0	17031.0
1681	16967.0	17167.0
1682	16821.0	16894.0
1683	16696.0	16998.0
1684	17012.0	17308.0
1685	17041.0	17060.0
1686	17043.0	16998.0
1687	16926.0	17011.0
1688	16908.0	16750.0
1689	16956.0	16887.0
1690	17049.0	17035.0
1691	17031.0	17002.0
1692	16852.0	16972.0
1693	17026.0	17123.0
1694	16781.0	17059.0
1695	16802.0	16974.0
1696	16916.0	17009.0
1697	16877.0	17196.0
1698	16918.0	17048.0
1699	17124.0	16955.0
1700	16928.0	16994.0
1701	17006.0	17283.0
1702	16947.0	16865.0
1703	17071.0	17119.0
1704	16887.0	17053.0
1705	16801.0	16901.0
1706	17184.0	17127.0
1707	17119.0	17106.0
1708	16991.0	17082.0
1709	16834.0	17072.0
1710	16684.0	16898.0
1711	17069.0	16918.0
1712	16694.0	16960.0
1713	17119.0	17049.0
1714	16903.0	17057.0
1715	16616.0	16846.0
1716	16700.0	17172.0
1717	16838.0	16914.0
1718	16820.0	16994.0
1719	16921.0	16956.0
1720	16858.0	17102.0
1721	16835.0	17031.0
1722	17065.0	16910.0
1723	17169.0	17080.0
1724	16776.0	16964.0
1725	16855.0	17184.0
1726	16881.0	16921.0
1727	16855.0	17037.0
1728	16879.0	16780.0
1729	16862.0	17093.0
1730	16895.0	17105.0
1731	16927.0	16842.0
1732	16952.0	17006.0
1733	16911.0	16942.0
1734	16746.0	16998.0
1735	16773.0	16794.0
1736	17270.0	16838.0
1737	16957.0	16873.0
1738	16931.0	17055.0
1739	17201.0	17167.0
1740	16825.0	17004.0
1741	16968.0	16685.0
1742	16812.0	16979.0
1743	16959.0	16946.0
1744	17128.0	16916.0
1745	17039.0	16879.0
1746	16735.0	17077.0
1747	17198.0	16871.0
1748	17315.0	17056.0
1749	16951.0	16785.0
1750	16983.0	17013.0
1751	16834.0	17154.0
1752	17063.0	16867.0
1753	16978.0	17146.0
1754	16919.0	16907.0
1755	16828.0	16808.0
1756	16674.0	16822.0
1757	16831.0	17095.0
1758	16908.0	16799.0
1759	16967.0	16750.0
1760	16981.0	16840.0
1761	16907.0	16745.0
1762	16887.0	16938.0
1763	16906.0	16779.0
1764	16894.0	17068.0
1765	17104.0	17126.0
1766	17008.0	16838.0
1767	17119.0	16796.0
1768	16901.0	16848.0
1769	16895.0	16868.0
1770	16939.0	17071.0
1771	16791.0	16953.0
1772	16972.0	16803.0
1773	17087.0	16972.0
1774	16755.0	17088.0
1775	16918.0	16931.0
1776	17048.0	17038.0
1777	17121.0	17145.0
1778	16944.0	17020.0
1779	16960.0	17062.0
1780	16968.0	16912.0
1781	16985.0	16950.0
1782	16972.0	16738.0
1783	16776.0	16957.0
1784	16967.0	17079.0
1785	16927.0	17078.0
1786	17001.0	17207.0
1787	17019.0	16953.0
1788	16778.0	17075.0
1789	16986.0	16972.0
1790	16758.0	16989.0
1791	16988.0	17128.0
1792	16856.0	17281.0
1793	16944.0	17044.0
1794	16838.0	17058.0
1795	16692.0	17036.0
1796	16806.0	16879.0
1797	17037.0	16913.0
1798	16924.0	16989.0
1799	17000.0	16810.0
1800	16902.0	16902.0
1801	16648.0	17036.0
1802	17109.0	17154.0
1803	16884.0	17005.0
1804	16986.0	17011.0
1805	16680.0	16756.0
1806	16804.0	16664.0
1807	16900.0	17042.0
1808	16995.0	16868.0
1809	16953.0	16916.0
1810	17015.0	17053.0
1811	16864.0	17072.0
1812	16956.0	17058.0
1813	16916.0	17142.0
1814	17004.0	16750.0
1815	16888.0	17056.0
1816	16836.0	16989.0
1817	16864.0	17015.0
1818	16782.0	16842.0
1819	16960.0	16841.0
1820	17107.0	17001.0
1821	16614.0	16975.0
1822	16834.0	17122.0
1823	16840.0	17086.0
1824	17228.0	17059.0
1825	16820.0	16943.0
1826	16917.0	16830.0
1827	16875.0	16712.0
1828	16946.0	16868.0
1829	17035.0	17094.0
1830	16969.0	17117.0
1831	16796.0	16892.0
1832	16764.0	16979.0
1833	17114.0	16901.0
1834	16867.0	16879.0
1835	16941.0	16915.0
1836	16928.0	16940.0
1837	17090.0	17086.0
1838	16803.0	16970.0
1839	16875.0	17020.0
1840	16784.0	17136.0
1841	16976.0	16916.0
1842	16689.0	17003.0
1843	17104.0	17208.0
1844	17141.0	16881.0
1845	16810.0	16851.0
1846	16692.0	17084.0
1847	16894.0	16993.0
1848	16848.0	17066.0
1849	17182.0	17043.0
1850	16874.0	16862.0
1851	16843.0	17046.0
1852	16791.0	16949.0
1853	17001.0	16912.0
1854	16885.0	16812.0
1855	16970.0	16911.0
1856	16842.0	17020.0
1857	16946.0	17175.0
1858	16948.0	17168.0
1859	17000.0	16987.0
1860	16795.0	17074.0
1861	16895.0	17164.0
1862	17061.0	17273.0
1863	16981.0	16957.0
1864	17091.0	16919.0
1865	17059.0	16817.0
1866	17092.0	16924.0
1867	16997.0	16798.0
1868	16762.0	16973.0
1869	17036.0	17005.0
1870	16782.0	16943.0
1871	16888.0	16988.0
1872	17034.0	17013.0
1873	16785.0	16937.0
1874	16921.0	16962.0
1875	16989.0	16867.0
1876	16991.0	17335.0
1877	16775.0	16955.0
1878	16922.0	16849.0
1879	16850.0	16932.0
1880	16968.0	17149.0
1881	16734.0	17082.0
1882	17040.0	16945.0
1883	16810.0	16986.0
1884	16757.0	16898.0
1885	16758.0	16776.0
1886	16840.0	16895.0
1887	16988.0	17079.0
1888	16726.0	16916.0
1889	16945.0	17115.0
1890	16814.0	16990.0
1891	16749.0	17190.0
1892	16713.0	17092.0
1893	16762.0	17005.0
1894	16963.0	16906.0
1895	16736.0	16998.0
1896	16747.0	17030.0
1897	16882.0	16859.0
1898	16921.0	17086.0
1899	16570.0	16798.0
1900	16838.0	16972.0
1901	16683.0	17019.0
1902	16602.0	17032.0
1903	16812.0	16884.0
1904	16896.0	16990.0
1905	17161.0	17002.0
1906	16708.0	17073.0
1907	16764.0	16968.0
1908	16852.0	17001.0
1909	17171.0	17109.0
1910	16657.0	16940.0
1911	17134.0	16928.0
1912	17046.0	17223.0
1913	16816.0	16988.0
1914	17025.0	16998.0
1915	16706.0	17147.0
1916	16900.0	16927.0
1917	16870.0	16877.0
1918	16938.0	16824.0
1919	16679.0	16783.0
1920	16823.0	16834.0
1921	16841.0	16802.0
1922	16599.0	17156.0
1923	16888.0	16840.0
1924	17107.0	16987.0
1925	17042.0	17195.0
1926	17000.0	16891.0
1927	16974.0	17011.0
1928	16943.0	16812.0
1929	17005.0	17001.0
1930	16623.0	17033.0
1931	17075.0	17030.0
1932	16999.0	16713.0
1933	16891.0	16809.0
1934	17130.0	16925.0
1935	16979.0	17045.0
1936	17046.0	17079.0
1937	16831.0	16895.0
1938	16839.0	17271.0
1939	16952.0	16771.0
1940	16877.0	17128.0
1941	16909.0	16921.0
1942	16826.0	16747.0
1943	17036.0	17125.0
1944	16884.0	17107.0
1945	16689.0	17098.0
1946	16672.0	17183.0
1947	16810.0	17068.0
1948	16837.0	17203.0
1949	16837.0	16772.0
1950	16896.0	17018.0
1951	16857.0	16757.0
1952	16940.0	16796.0
1953	16770.0	16905.0
1954	16971.0	16941.0
1955	16696.0	17025.0
1956	16992.0	16973.0
1957	16736.0	16727.0
1958	16672.0	16924.0
1959	16657.0	16815.0
1960	16771.0	17079.0
1961	17035.0	16727.0
1962	16921.0	16685.0
1963	16753.0	16982.0
1964	16517.0	17093.0
1965	16898.0	16991.0
1966	16945.0	16884.0
1967	16815.0	17057.0
1968	16809.0	16900.0
1969	16830.0	17003.0
1970	16828.0	16920.0
1971	17013.0	16843.0
1972	17002.0	17024.0
1973	16828.0	17000.0
1974	16929.0	16957.0
1975	16678.0	16797.0
1976	16778.0	17071.0
1977	16854.0	16877.0
1978	16695.0	16983.0
1979	16675.0	17069.0
1980	17017.0	17009.0
1981	16698.0	16823.0
1982	16937.0	17013.0
1983	16862.0	17098.0
1984	17014.0	17127.0
1985	16637.0	16856.0
1986	16928.0	16811.0
1987	16934.0	16932.0
1988	16926.0	16780.0
1989	16769.0	16838.0
1990	16884.0	16814.0
1991	16827.0	16766.0
1992	16697.0	16843.0
1993	16727.0	16740.0
1994	16637.0	17169.0
1995	16791.0	16971.0
1996	16655.0	16850.0
1997	16658.0	16941.0
1998	16903.0	16750.0
1999	16825.0	16856.0
